19	4
35	16
42	7
45	11
59	11
61	4
68	9
94	2
138	4
156	19
167	6
182	7
189	5
212	13
215	5
230	5
235	11
236	6
246	4
256	5
257	6
262	8
263	6
266	5
274	5
281	7
291	5
303	14
304	6
318	8
334	7
337	5
349	6
358	13
363	14
378	6
382	5
389	6
390	6
395	4
512	5
535	6
553	5
555	5
564	10
566	14
571	11
573	8
589	17
607	13
608	8
610	5
611	5
612	7
613	8
616	5
618	11
619	5
621	6
622	6
627	6
628	5
633	7
635	6
640	4
649	6
667	4
709	9
731	8
741	8
742	8
788	5
806	11
807	12
841	6
900	3
1087	23
1110	14
1113	4
1141	4
1192	4
1253	4
1261	8
1263	5
1271	6
1281	5
1293	12
1303	19
1341	4
1372	6
1376	3
1399	7
1400	6
1406	13
1410	5
1416	5
1420	4
1483	9
1493	5
1494	6
1498	6
1499	3
1501	5
1516	9
1526	5
1553	8
1554	5
1570	9
1588	4
1631	11
1674	7
1692	6
1712	14
1714	3
1731	5
1740	5
1746	13
1749	6
1752	29
1753	6
1763	9
1830	5
1854	6
1870	7
1910	5
1914	7
1915	5
1918	5
1922	18
1931	7
1935	6
1939	10
1942	7
1944	7
1947	7
1950	9
1951	7
1952	5
1963	7
1966	5
1973	8
1975	6
1976	6
2002	6
2048	4
2092	5
2115	5
2123	5
2141	5
2146	7
2177	5
2178	20
2191	5
2207	7
2224	8
2241	9
2252	7
2265	10
2278	4
2281	11
2287	5
2288	10
2293	8
2299	7
2305	8
2315	5
2323	5
2329	6
2335	8
2339	10
2358	9
2395	10
2436	4
2448	4
2484	6
2485	5
2497	11
2502	5
2533	5
2547	4
2569	7
2583	7
2590	7
2592	6
2594	5
2603	8
2613	5
2618	15
2622	8
2636	10
2639	6
2641	5
2642	5
2655	8
2656	14
2720	20
2752	5
2761	6
2762	10
2797	6
2815	4
2841	6
2845	5
2848	7
2856	7
2893	5
2908	7
2921	7
2994	9
3025	3
3050	5
3054	5
3062	5
3075	6
3077	5
3089	6
3112	15
3189	7
3197	6
3203	5
3217	7
3252	11
3258	6
3275	7
3293	6
3294	5
3298	6
3302	5
3311	6
3319	6
3321	5
3331	4
3437	7
3440	3
3445	6
3446	17
3448	4
3453	5
3457	6
3459	5
3462	5
3463	5
3465	5
3468	12
3471	5
3474	6
3475	4
3513	14
3516	6
3520	16
3525	5
3530	6
3544	6
3561	7
3564	5
3576	8
3580	5
3583	6
3588	5
3597	7
3603	16
3611	8
3619	11
3620	6
3642	5
3715	4
3730	5
3741	5
3818	8
3825	5
3827	8
3857	6
3858	12
3859	8
3866	5
3870	3
3896	6
3897	7
3911	5
3918	6
3922	4
3926	5
3930	6
3937	7
3967	4
3987	8
3989	5
4041	19
4042	8
4044	12
4049	5
4114	18
4116	5
4146	4
4172	7
4180	7
4192	5
4264	14
4276	10
4283	4
4328	5
4342	8
4385	11
4391	13
4397	5
4416	8
4428	6
4432	7
4446	5
4455	5
4459	10
4460	9
4467	4
4490	8
4493	8
4507	5
4518	5
4529	9
4535	6
4553	7
4594	7
4626	5
4629	9
4631	8
4632	6
4633	6
4638	13
4640	4
4655	6
4657	11
4660	6
4661	4
4685	7
4713	7
4718	9
4724	12
4741	4
4750	16
4751	3
4767	5
4777	4
4778	7
4784	4
4791	5
4795	5
4804	5
4806	13
4813	8
4816	7
4837	12
4838	9
4846	9
4850	6
4899	12
4904	5
4908	4
4912	9
4913	7
4919	5
4920	7
4944	5
4947	6
4948	4
4974	5
5001	5
5004	7
5010	4
5064	4
5081	7
5101	4
5154	4
5177	13
5185	5
5191	22
5224	5
5264	7
5288	5
5328	15
5329	12
5338	4
5359	8
5387	9
5388	6
5402	6
5403	5
5437	6
5448	27
5453	5
5455	4
5486	9
5512	8
5546	14
5555	4
5560	6
5566	4
5617	3
5720	9
5736	7
5737	5
5800	3
5823	5
5824	5
5840	4
5841	5
5844	6
5845	5
5855	5
5874	14
5920	5
5927	7
5928	6
5929	13
5930	8
5936	9
5943	3
5952	7
5982	12
5988	5
6000	4
6007	6
6013	9
6033	5
6034	4
6035	4
6040	5
6042	5
6053	6
6061	5
6077	7
6083	6
6087	9
6090	4
6121	12
6123	17
6130	4
6151	7
6161	7
6201	5
6204	4
6230	9
6253	5
6290	13
6299	9
6302	7
6348	6
6349	17
6359	12
6365	5
6382	3
6451	5
6501	6
6513	7
6536	4
6598	4
6661	5
6665	4
6681	5
6682	6
6688	5
6706	4
6707	18
6714	9
6715	8
6751	6
6771	7
6808	15
6834	9
6841	4
6849	7
6851	6
6852	10
6898	6
6905	5
6929	3
6951	5
6980	6
6997	11
7105	4
7127	4
7148	8
7149	5
7182	5
7193	4
7194	5
7208	5
7216	12
7244	5
7260	5
7262	5
7264	5
7267	5
7268	5
7269	5
7278	1
7336	5
7346	5
7350	14
7369	5
7388	3
7429	4
7438	11
7457	5
7461	6
7471	10
7487	7
7489	5
7535	20
7566	2
7654	4
7680	3
7728	6
7814	5
7829	4
7841	5
7850	5
7856	4
7894	9
7907	6
7909	7
7932	4
7947	9
7958	4
7974	13
7987	4
8000	6
8003	6
8011	6
8019	13
8076	5
8082	5
8089	13
8095	7
8096	5
8149	4
8165	6
8180	6
8187	4
8200	5
8223	6
8240	5
8241	14
8258	4
8294	11
8315	6
8399	5
8445	6
8455	5
8460	3
8602	3
8613	4
8648	7
8651	7
8698	7
8703	6
8704	4
8735	5
8736	5
8765	9
8767	5
8797	4
8830	5
8835	6
8867	5
8878	7
8884	5
8889	4
8913	6
8921	5
8925	5
8928	6
8936	8
8939	4
8971	6
8976	4
8981	19
9017	3
9100	6
9103	5
9104	5
9132	7
9145	7
9150	13
9156	5
9161	5
9184	7
9208	4
9302	6
9306	5
9320	8
9396	5
9397	5
9433	4
9449	4
9452	6
9462	3
9522	3
9657	6
9697	5
9727	4
9758	4
9779	3
9870	8
9928	4
9938	4
9995	6
10000	11
10021	5
10028	5
10030	5
10043	15
10071	9
10110	6
10117	9
10158	5
10164	5
10171	3
10252	6
10253	5
10255	6
10258	4
10261	10
10268	5
10269	6
10290	7
10307	7
10309	5
10315	5
10323	3
10381	8
10426	9
10427	4
10438	7
10439	7
10446	8
10455	7
10457	7
10466	5
10473	5
10477	5
10478	4
10613	4
10616	4
10633	8
10639	4
10678	5
10701	7
10734	12
10736	8
10742	21
10743	13
10745	3
10802	6
10803	5
10858	5
10860	6
10913	3
10983	4
11042	3
11057	8
11081	5
11089	6
11096	6
11100	6
11104	6
11115	19
11124	3
11130	5
11138	4
11154	3
11161	8
11177	8
11182	8
11187	4
11243	5
11246	6
11248	7
11253	6
11257	5
11258	7
11260	5
11263	4
11334	6
11350	6
11371	7
11403	7
11407	5
11419	6
11438	5
11441	5
11480	5
11485	12
11493	4
11525	5
11529	5
11582	3
11584	8
11599	3
11616	6
11650	4
11670	6
11684	4
11704	3
11891	4
11903	10
11909	4
11918	7
11936	6
12001	7
12010	4
12011	3
12016	4
12039	4
12049	8
12053	5
12071	12
12075	7
12083	8
12084	5
12102	4
12133	9
12135	4
12136	1
12267	3
12278	6
12341	6
12355	4
12387	2
12432	5
12436	17
12437	7
12447	9
12456	6
12464	10
12466	5
12473	6
12485	4
12493	2
12502	4
12512	6
12539	9
12540	4
12544	5
12551	5
12567	5
12587	5
12657	5
12666	6
12673	3
12703	4
12745	5
12781	6
12889	5
12890	3
12917	3
12940	3
13001	5
13018	10
13043	4
13178	4
13229	4
13242	5
13256	5
13261	5
13264	5
13306	5
13312	5
13330	4
13341	6
13360	7
13506	10
13590	7
13614	1
13692	2
13781	10
13812	1
13851	5
13865	4
14019	3
14026	5
14045	6
14048	5
14096	4
14100	3
14121	11
14136	4
14148	7
14216	3
14244	8
14257	5
14266	3
14312	8
14317	4
14335	6
14337	6
14346	10
14373	4
14411	11
14458	4
14474	4
14490	5
14540	7
14546	5
14578	4
14598	4
14639	7
14651	6
14674	2
14804	5
14816	5
14822	7
14876	6
14880	4
14915	8
14918	5
14925	3
15008	6
15010	3
15089	2
15297	7
15298	2
15388	4
15421	4
15433	3
15504	6
15514	6
15533	3
15550	4
15577	3
15710	4
15713	2
15812	2
15999	2
16126	6
16148	4
16180	4
16283	4
16396	4
16450	5
16483	2
16551	5
16561	4
16584	4
16605	4
16661	4
16673	7
16674	8
16684	3
16692	4
16754	3
16915	3
16931	6
16936	5
16944	7
16996	5
17017	4
17019	3
17148	4
17203	5
17204	2
17258	5
17274	1
17341	6
17366	10
17382	8
17383	2
17425	6
17491	6
17495	3
17520	4
17525	4
17561	6
17582	4
17595	4
17597	11
17605	5
17609	4
17650	2
17733	5
17820	11
17839	5
17878	4
17880	2
17906	5
17919	9
17920	4
17928	12
17949	3
17973	4
18155	6
18198	5
18227	4
18329	4
18366	0
18387	4
18397	4
18409	4
18443	5
18480	2
18532	6
18559	4
18573	5
18584	3
18712	6
18735	3
18799	4
18801	6
18818	3
19190	4
19249	8
19304	5
19373	2
19450	4
19473	2
19613	3
19615	5
19633	1
19679	3
19747	6
19823	3
19961	3
20023	4
20204	4
20260	5
20261	4
20270	5
20274	5
20279	4
20310	4
20335	5
20441	8
20451	8
20478	8
20524	4
20599	3
20624	9
20667	5
20676	5
20686	4
20690	3
20838	5
20903	3
20931	4
20940	4
20970	2
21048	5
21051	8
21055	8
21056	9
21057	6
21058	6
21059	6
21060	6
21061	6
21062	6
21063	2
21065	5
21067	4
21088	4
21178	3
21321	2
21552	4
21594	4
21598	2
21612	3
21768	5
21806	5
21826	3
21900	5
21902	6
21908	3
21959	3
21996	3
22002	3
22005	6
22018	3
22133	3
22234	5
22352	3
22432	4
22499	3
22512	4
22515	4
22519	5
22758	2
22913	9
22917	4
22932	7
22936	3
22947	5
22957	3
22981	4
23002	6
23007	3
23021	3
23317	7
23325	6
23354	4
23377	3
23409	4
23422	5
23433	6
23443	4
23453	4
23464	6
23525	3
23543	6
23548	5
23580	4
23965	8
23966	6
23981	3
23992	2
24098	6
24132	5
24141	5
24265	5
24280	0
24436	5
24437	5
24438	2
24459	6
24467	4
24503	3
24749	3
24750	9
24863	2
24909	2
25000	5
25100	6
25118	5
25142	4
25169	5
25172	4
25175	6
25212	3
25253	4
25269	3
25311	4
25345	5
25348	3
25349	5
25366	8
25375	4
25387	3
25469	3
25488	7
25489	3
26001	3
26214	4
26238	3
26241	2
26355	0
26537	3
26595	8
26621	4
26679	3
26720	2
26782	1
26929	3
27006	4
27054	3
27278	1
27419	2
27508	2
27662	3
27665	3
27689	4
27741	2
27790	2
28166	0
28399	5
28451	3
28463	4
28545	0
28693	4
28719	4
28728	4
28729	3
28767	2
28784	2
28811	3
28843	7
28857	5
28858	4
28864	3
28878	2
28944	0
29105	3
29526	2
29655	4
29673	2
29699	2
29811	2
30010	5
30042	2
30068	2
30098	4
30147	3
30182	3
30190	4
30202	3
30225	2
30261	1
30452	1
30550	1
30594	3
30736	1
30766	2
30855	2
30898	0
31271	2
31373	2
31476	1
31712	3
31744	4
31750	1
31786	0
32175	4
32442	2
32478	1
32672	0
32723	2
33318	0
33787	2
33833	1
34308	1
34418	1
35374	2
35384	1
35922	3
37046	1
37354	2
37595	1
37987	2
38082	3
38532	1
38901	2
39473	4
40317	0
41112	4
41554	2
41569	2
41798	1
42288	1
42658	2
42965	2
43100	1
43693	3
44104	2
44816	2
44866	0
45466	0
45598	0
45734	0
45765	1
45792	1
46918	1
47554	3
47571	7
48646	0
48731	1
49298	0
49957	1
50543	1
51568	9
51575	8
51576	9
51577	8
51578	8
51589	9
51736	2
51931	0
52115	0
54571	0
54996	3
55956	3
56944	1
60745	1
65626	0
66729	0
80444	0
