8	40306	68	451081000	5
57	9145	184	4556000	0
242	6704	410	33525000	0
259	11568	589	2018711000	23
259	11568	564	1247999000	14
302	8232	603	687000	0
319	22091	741	2196796000	25
319	22091	781	4830000	0
521	78592	1216	114406000	1
788	1263	1490	28639000	0
788	1263	1493	77730000	0
788	1423	1483	43136000	0
788	1423	1475	179226000	2
788	1423	1501	80787000	0
788	1423	1464	52638000	0
788	1423	1481	23056000	0
788	17308	1483	50372000	0
788	19812	1554	77002000	0
788	19812	1483	49766000	0
788	49031	1553	3913725000	45
788	49031	1498	15114000	0
788	51379	1493	165719000	1
788	60597	1483	1101418000	12
788	60597	1501	1458000	0
788	64432	1483	981594000	11
788	64432	1498	347620000	4
1263	788	1502	1661954000	19
1263	788	1529	23449000	0
1263	12299	2487	57480000	0
1263	12299	2499	270137000	3
1263	12299	2480	2984000	0
1263	19812	2533	6626440000	76
1263	44166	2533	926732000	10
1263	44871	2506	85989000	0
1263	44871	2512	63164000	0
1263	44871	2547	49089000	0
1263	47252	2553	153386000	1
1263	51379	1493	87989000	1
1263	53624	2553	40097000	0
1263	53624	2547	9806000	0
1263	62346	2485	29550000	0
1296	22563	2627	2363592000	27
1352	102362	2908	8767632000	101
1423	788	1494	1477112000	17
1423	788	1511	7040000	0
1423	788	1493	4378000	0
1423	19812	1494	370814000	4
1423	19812	3025	40157000	0
1423	19812	1483	6630000	0
1423	53624	2989	21162000	0
1423	60597	1483	1058282000	12
1455	9307	3089	1762000	0
1455	9307	3075	267602000	3
1887	6888	3927	2039000	0
1887	6897	3926	1585487000	18
1952	72551	4114	4617000	0
1952	72551	4044	303000	0
2330	51188	4939	543712000	6
2437	17807	5229	9675000	0
2437	64050	5224	3112119000	36
2437	73226	5234	3509000	0
2437	73226	5191	300377000	3
2462	54441	2655	22000	0
2462	54441	5263	297000	0
2462	54441	5270	7000	0
2487	14030	5435	13080000	0
2487	14030	5436	22615000	0
2487	26642	5356	79222000	0
2487	26642	5359	29675000	0
2487	29455	182	21690000	0
2487	29455	5404	60536000	0
2487	29455	5363	441655000	5
2487	43070	5388	686000	0
2498	19320	4042	69038000	0
2831	10289	6348	5937982000	68
2831	12417	6382	9176075000	106
2831	29415	6331	4583942000	53
2831	74225	6360	634342000	7
2831	74225	6303	1135048000	13
2911	19320	6538	165544000	1
2934	11274	3446	106197000	1
2961	9985	6771	78181000	0
3122	76885	7150	23500000	0
3122	76885	7143	7590000	0
3203	8095	7255	36635000	0
3203	9411	7296	7000	0
3203	9411	7278	12008000	0
3203	9411	7269	11074000	0
3233	44278	7489	5407843000	62
3257	32180	7587	115700000	1
3257	32180	7594	294178000	3
3257	32180	7578	431000	0
3257	42725	7535	5217000	0
3257	42725	7538	188371000	2
3257	42725	2815	391000	0
3257	42725	7557	3700000	0
3421	61876	610	12230000	0
3421	61876	7954	4144297000	47
3421	61876	7947	269000	0
3421	61876	7891	86449000	1
3421	61876	7909	334330000	3
3421	61876	7894	96441000	1
3421	61876	7952	681208000	7
3421	61876	7898	686000	0
3421	61876	7959	54224000	0
3421	61876	7945	135000	0
3421	61876	7885	320174000	3
3421	61876	7899	252821000	2
3513	86672	8078	391145000	4
3513	86672	8095	9050034000	104
3513	86672	8094	8516732000	98
3513	86672	8090	2074003000	24
3513	86672	8074	73334000	0
3513	86672	8073	73101000	0
3513	86672	8076	73264000	0
3513	86672	8086	869072000	10
3513	86672	8071	73124000	0
3513	86672	8077	336456000	3
3513	86672	8079	404473000	4
3513	86672	8072	73137000	0
3513	86672	8027	19787993000	229
3513	86672	8089	2074113000	24
3513	86672	8082	705562000	8
3513	86672	8081	258041000	2
3513	86672	8080	404230000	4
3513	86672	8092	7846128000	90
3513	86672	8083	699696000	8
3513	86672	8075	73282000	0
3513	86672	8070	73191000	0
3513	86672	8096	9300312000	107
3539	50628	8166	455574000	5
3539	50628	8180	1586579000	18
3539	50628	8186	809002000	9
3646	1455	3062	250371000	2
3646	9307	8349	21486000	0
3646	68288	3062	46560000	0
3728	39077	8518	15845000	0
3728	39077	8483	4933000	0
3957	6195	9157	2388827000	27
4135	17684	9447	9622956000	111
4154	32282	9509	437107000	5
4237	19688	9659	78586000	0
4237	24227	9657	17423000	0
4324	15991	9730	309313000	3
4324	15991	9737	1670098000	19
4549	47150	9964	3502000	0
4742	68476	2618	829920000	9
4742	68476	4342	1244466000	14
4742	68476	9100	1244501000	14
4795	13994	4041	1432578000	16
4911	53118	10628	26480000	0
5024	29555	10860	47680000	0
5024	29555	189	16569000	0
5024	47951	10857	211309000	2
5024	47951	189	3105000	0
5024	49159	10860	27601000	0
5024	49159	10820	29168000	0
5266	2831	3302	785429000	9
5323	34860	11480	185944000	2
5323	57443	11457	1360185000	15
5424	9402	11570	28329000	0
5478	36829	11641	2530000	0
5863	9016	12075	1276140000	14
5937	52394	12135	294203000	3
5959	59180	12160	435451000	5
5959	59180	12136	436266000	5
6067	10376	12387	16000	0
6067	10376	12411	51379000	0
6067	10376	12406	12240000	0
6067	10376	12401	37032000	0
6067	73623	12387	102557000	1
6067	73623	12380	90012000	1
6195	3957	9084	22378000	0
6195	3957	9092	50818000	0
6403	10235	5191	27886000	0
6403	63774	13201	372868000	4
6452	64607	1775	513290000	5
6452	64607	13323	2328334000	26
6452	64607	13302	1040146000	12
6452	64607	13258	82929000	0
6663	45129	13738	21724000	0
6663	63696	13701	142091000	1
6862	39593	6808	3798299000	43
6897	1887	3927	26000	0
6897	6888	3930	910365000	10
6897	6888	14120	886987000	10
6897	6888	3927	2065000	0
6934	61637	1854	116154000	1
7066	8905	14512	604424000	6
7066	8905	14553	1809998000	20
7275	41788	6359	80005000	0
7275	41788	15223	439862000	5
7379	32088	15433	44686000	0
7379	32088	15434	21824000	0
7379	32088	15408	2066000	0
7379	32088	15420	31435000	0
7379	32088	15412	79809000	0
7379	32088	15421	32119000	0
7506	5863	12071	435806000	5
7506	5863	12062	1954000	0
7506	9016	15697	3367000	0
7506	9016	15707	5599302000	64
7506	9016	12071	4457000	0
7506	9016	3513	2292000	0
7779	12003	16054	173006000	2
7865	29455	16216	117722000	1
7924	62938	16303	39620000	0
7978	8095	16513	38972000	0
7978	8095	16496	49412000	0
7978	8095	16492	352000	0
7978	8095	11582	537000	0
7978	16998	16507	797000	0
7978	16998	16511	56657000	0
7978	16998	16492	893000	0
7978	16998	7268	2567000	0
7978	16998	7269	1835000	0
8016	2831	6299	20326000	0
8068	11166	16732	1599000	0
8095	7978	16491	3785000	0
8095	7978	16490	2872000	0
8095	7978	16489	848000	0
8095	8291	16880	31401000	0
8095	12847	16864	5624000	0
8095	12847	16835	109922000	1
8095	12847	11582	302000	0
8095	12847	16842	59826000	0
8095	12847	16489	22172000	0
8095	12847	16876	10860000	0
8095	12847	16838	22321000	0
8095	12847	16823	181000	0
8216	43978	16931	13418000	0
8232	302	605	660820000	7
8336	3817	3112	9818000	0
8351	8373	17365	23691000	0
8373	8351	17346	101345000	1
8373	8351	17373	136382000	1
8373	8351	17380	5512000	0
8373	8351	17355	55491000	0
8373	8351	17377	101681000	1
8373	8351	17382	45389000	0
8373	8351	17354	55552000	0
8373	8351	17352	14044000	0
8373	8351	17362	68159000	0
8373	8351	17350	8911000	0
8373	8351	17341	5071000	0
8373	8351	17366	39872000	0
8373	8351	17338	31250000	0
8373	8351	17339	7936000	0
8373	8351	17321	6632000	0
8373	8351	17318	55926000	0
8373	8351	17332	89380000	1
8373	8351	17378	66006000	0
8373	8351	17363	69496000	0
8373	8351	17368	4630000	0
8373	8351	17231	419000	0
8373	8351	17351	92347000	1
8373	8351	10436	13308000	0
8373	8351	17356	184551000	2
8373	8351	17319	1360000	0
8373	8351	17333	7620000	0
8373	8351	17328	49329000	0
8373	8351	11918	51217000	0
8373	8351	17357	184264000	2
8373	8351	17358	136308000	1
8373	8351	10261	4024000	0
8373	8351	17345	101309000	1
8373	8351	17342	496000	0
8373	8351	5081	63907000	0
8373	8351	17343	334071000	3
8373	8351	17359	8588000	0
8452	11001	17755	1308274000	15
8743	48429	18614	2173000	0
8743	48429	18554	6926628000	80
8743	69950	18558	1796379000	20
8743	69950	18550	3881000	0
8883	61910	18805	44704000	0
8883	61910	18804	44557000	0
8883	61910	18807	44841000	0
8883	61910	18814	2291324000	26
8997	49363	640	22212000	0
9016	5863	12056	745381000	8
9016	5863	1303	356000	0
9016	5863	4837	359174000	4
9016	5863	12071	431349000	4
9016	7506	7974	15479000	0
9016	7506	15700	1070000	0
9016	7506	15691	168125000	1
9106	73653	19373	67540000	0
9145	57	156	8389000	0
9145	4031	9208	36402000	0
9145	5024	10832	5969305000	69
9145	29555	8315	5234860000	60
9145	44451	19473	438827000	5
9152	9145	19450	146000	0
9307	1455	3056	353331000	4
9307	1455	3054	375000	0
9307	1455	3094	6152000	0
9307	1455	3105	251186000	2
9307	1455	3055	246000	0
9307	1455	3106	251150000	2
9307	3646	8399	2034000	0
9307	3646	8413	1114000	0
9469	71822	11182	1324000	0
9566	9578	12540	651996000	7
9578	9566	10071	27500000	0
9578	41568	20483	394000	0
9600	23595	20522	7786000	0
9600	23595	20527	121505000	1
9600	23595	3112	273337000	3
9600	23595	20539	82264000	0
9600	62195	20550	523922000	6
9909	30064	4638	1687000	0
9909	33121	4638	1656000	0
9909	36493	4638	1658000	0
9909	44303	21059	107000	0
9909	44303	21056	113000	0
9909	44303	21055	56000	0
9909	44303	21060	111000	0
9909	44303	21058	96000	0
9909	44303	21061	134000	0
9909	44303	4638	2086000	0
9909	44303	21057	53000	0
9909	44303	21062	140000	0
9909	44303	5546	101000	0
9909	44303	21063	99000	0
10235	6403	13163	38817000	0
10253	16016	235	153800000	1
10253	29415	21821	158577000	1
10253	29415	21774	48476000	0
10253	29415	21768	19978000	0
10289	24096	21893	105218000	1
10289	24096	21843	331478000	3
10376	6067	12355	129554000	1
10376	6067	12357	99898000	1
10376	6067	12396	6767000	0
10376	6067	12395	3256000	0
10376	6067	12341	76185000	0
10376	6067	12366	176231000	2
10376	6067	2281	36382000	0
10376	6067	12351	285911000	3
10376	6067	12354	65744000	0
10425	53668	6852	18990000	0
10425	53668	22102	36045000	0
10425	76680	13261	99707000	1
10510	50438	22310	420279000	4
10654	30848	22854	133253000	1
10680	12299	22935	54880000	0
10680	12299	22901	33183000	0
10680	36971	22946	32880000	0
10680	36971	2986	89255000	1
10680	36971	22934	171468000	1
10680	64432	22936	92110000	1
10680	64432	22901	52214000	0
10691	15408	23002	108593000	1
10691	22225	22963	5480000	0
10691	22225	22958	3927000	0
10691	22225	22957	18896000	0
10691	22225	22960	17615000	0
10691	22225	22965	20578000	0
10691	39968	22957	1156000	0
10831	80083	23377	9790000	0
10885	69249	23431	187000	0
10990	30221	23548	72209000	0
10990	30221	23554	462590000	5
10990	30221	23551	234415000	2
11109	15991	23956	15570000	0
11109	23992	23965	22382000	0
11274	73226	24339	73793000	0
11367	22688	24438	6508000	0
11367	22688	24436	6538000	0
11367	22688	24471	24183851000	279
11367	22688	24458	19184753000	222
11367	22688	24437	6495000	0
11367	65306	24490	29894254000	345
11367	79280	24438	6180000	0
11367	79280	24436	6302000	0
11367	79280	24437	6433000	0
11402	49764	24540	68091000	0
11428	25936	12473	429434000	4
11428	35289	8019	57905000	0
11568	259	535	66342000	0
11690	11721	17919	364479000	4
11690	11721	25175	305569000	3
11729	82395	2720	9569395000	110
11996	27624	26240	1365000	0
11996	31602	26260	1090004000	12
11996	36332	26274	4901000	0
11996	36332	6866	13508000	0
11996	37950	26212	2583000	0
11996	53464	26223	17463000	0
11996	53464	26283	222289000	2
11996	66388	26264	1494000	0
11996	71822	26255	137260000	1
12003	7779	10734	5211674000	60
12003	7779	8765	4986798000	57
12034	24096	26538	23108000	0
12205	4911	3089	15285000	0
12205	4911	10604	27719000	0
12205	39593	26967	268915000	3
12205	39593	23443	61664000	0
12205	43502	16996	53924000	0
12299	1263	2484	190626000	2
12299	10680	22877	65070000	0
12299	10680	22936	24023000	0
12299	19812	27006	395508000	4
12299	55395	27005	2631000	0
12299	60597	2656	17096000	0
12299	62346	27035	98886000	1
12299	64432	22936	116133000	1
12299	64432	27004	31044000	0
12299	64432	22901	19031000	0
12417	18588	257	21172000	0
12417	67063	27268	3691000	0
12529	43502	27529	790823000	9
12829	16512	17609	21000	0
12847	8095	16825	2954000	0
12847	8095	16513	39248000	0
12847	8095	16889	8981000	0
12847	8095	16885	34447000	0
12847	8095	16890	8933000	0
13102	24770	72	108293000	1
13102	24770	29093	682947000	7
13102	24770	75	108202000	1
13102	40306	68	163879000	1
13102	67926	29097	383863000	4
13222	13229	29514	263000	0
13251	18588	6707	19205000	0
13251	29415	29673	2263295000	26
13293	36667	29767	8531000	0
13320	18924	29779	337814000	3
13320	45524	29785	88800000	1
13366	11699	9150	1190871000	13
13469	70497	30147	35407000	0
13629	49394	7105	54805000	0
13783	15991	2224	38553000	0
13783	15991	1752	1942000	0
13791	61522	3520	4186000	0
13913	45897	31166	27441000	0
13913	45897	31176	29258000	0
13994	4795	10425	85701000	0
13994	57722	31375	540314000	6
13994	57722	31401	636241000	7
13994	57722	21981	349931000	4
14030	2487	5346	92849000	1
14030	2487	5359	474132000	5
14138	52394	12135	291999000	3
14288	36616	32044	3009344000	34
14386	14426	32288	692798000	8
14386	14426	32287	692650000	8
14386	14426	742	154147000	1
14386	14426	32269	79880000	0
14386	14426	32270	79972000	0
14386	51488	32006	218000	0
14386	51488	6349	2932896000	33
14386	64250	32316	4687701000	54
14386	64867	32289	2410560000	27
14386	70894	32311	6584988000	76
14386	72207	32286	134981000	1
14386	72207	32285	2806382000	32
14386	72207	32006	293356000	3
14426	14386	10734	31000	0
14426	26497	32381	806000	0
14426	43978	11616	135866000	1
14677	27748	33081	12578073000	145
14677	27748	30736	1997781000	23
14677	63248	33021	1014342000	11
14677	63248	1942	24666379000	285
14876	64705	33316	606375000	7
14966	74708	1320	1118300000	12
14966	74708	33548	1118687000	12
15180	77620	34311	134570000	1
15180	77620	34307	27160000	0
15180	77620	34313	134761000	1
15180	77620	34306	26581000	0
15232	74577	34481	1012987000	11
15260	21503	34537	202564000	2
15408	10691	5736	245000	0
15408	10691	11115	20415000	0
15408	22225	17928	8402000	0
15408	22225	10803	700000	0
15408	36332	34888	155988000	1
15408	36332	34894	4233000	0
15408	37567	11115	10377000	0
15408	37950	5736	118729000	1
15408	37950	34899	50831000	0
15408	39968	17928	15121000	0
15408	39968	34857	5217000	0
15408	41801	34903	9596000	0
15408	41801	11115	7229000	0
15408	49839	1763	1897749000	21
15408	66388	20555	23488000	0
15408	79593	5736	490905000	5
15526	45897	35121	2069061000	23
15554	76931	35167	670691000	7
15583	28219	7829	14704033000	170
15728	4717	10240	5034348000	58
15728	34764	35489	497357000	5
15766	68932	35577	30970000	0
15991	4324	9686	165210000	1
15991	11109	3446	1426000	0
15991	11109	23944	3441000	0
15991	11109	23992	193445000	2
15991	13783	30766	791257000	9
15991	36075	23543	343420000	3
15991	53161	36150	4222000	0
15991	53161	23992	83058000	0
15991	78404	17928	23647000	0
15991	84603	5844	842593000	9
16181	36075	23543	265172000	3
16205	2330	4860	4268000	0
16205	2330	4861	6979000	0
16394	15232	34436	22296000	0
16394	15232	34481	284230000	3
16394	35374	5929	2487315000	28
16394	43978	3513	2505252000	28
16394	57956	36891	372586000	4
16394	66011	36859	83670000	0
16394	73360	36878	2257000	0
16394	74577	34481	1297217000	15
16419	35646	36975	6036000	0
16512	12829	28254	88104000	1
16512	12829	28247	295916000	3
16512	12829	28125	256875000	2
16602	11829	9726	34478000	0
16727	29415	29673	16142718000	186
16727	82630	2841	5324611000	61
16935	51444	1303	73265000	0
16998	7978	7262	5570000	0
16998	7978	7260	1715000	0
16998	7978	7267	16385000	0
16998	7978	7278	9580000	0
16998	9411	19902	20545000	0
16998	9411	7278	10634000	0
16998	9411	7269	9166000	0
17102	7779	491	46915000	0
17102	7779	10734	5212923000	60
17102	56885	24750	10558071000	122
17308	19812	17733	158796000	1
17308	19812	38906	71408000	0
17308	41461	11057	3290000	0
17308	52355	2265	47676000	0
17308	52355	11057	37738000	0
17308	59979	38906	61413000	0
17308	60597	1483	1051046000	12
17308	63285	11057	18566000	0
17430	12529	27546	85286000	0
17430	39642	39168	14958000	0
17684	4135	2720	16682000	0
17684	58923	39629	31000	0
17711	23849	39706	36116954000	418
17807	2437	5191	199767000	2
17807	80036	4385	13710000	0
17829	28623	39831	31000	0
17829	28623	25348	51000	0
18115	14759	33170	7211000	0
18481	60064	40293	1445189000	16
18481	60654	40299	211000	0
18481	60654	40282	7354000	0
18588	47923	257	497579000	5
18588	53225	212	110669000	1
18588	53225	40415	23118000	0
18666	31020	24749	63000	0
18666	34396	14121	2788238000	32
18720	55267	40498	50816142000	588
18745	44046	40612	45936000	0
18745	50917	6706	5468000	0
19009	51488	23409	331000	0
19320	2498	1746	6733000	0
19320	2911	1746	131195000	1
19622	2831	6349	15164506000	175
19622	56885	6349	15213181000	176
19812	788	1494	1106298000	12
19812	1263	2485	10450000	0
19812	1423	3017	242141000	2
19812	12299	1494	1000093000	11
19812	12299	26994	16421000	0
19812	17308	1483	606000	0
19812	17308	11057	6897000	0
19812	17308	38934	8077000	0
19812	17308	26994	47046000	0
19812	41461	41500	17074000	0
19812	41461	11057	10187000	0
19812	52355	33787	9214000	0
19812	52355	41535	18134000	0
19812	52355	11057	44635000	0
19812	52355	41531	36078000	0
19812	54005	1494	175349000	2
19812	60597	1483	1051652000	12
19812	60597	11057	1279000	0
19812	62346	2485	40000000	0
19812	63285	11057	25463000	0
19812	64432	1483	931828000	10
20949	5024	10821	31659000	0
20949	44451	42321	331164000	3
20949	65215	10445	11921000	0
21148	43570	42533	517736000	5
21148	43570	42505	140000	0
21148	51149	42535	87703000	1
21307	39968	4806	106677000	1
21307	39968	42610	4226000	0
21343	53410	42631	3639705000	42
21343	53410	42633	3700832000	42
21343	62997	42653	206000	0
21503	18588	40420	3793000	0
21733	13469	14490	2272000	0
22225	15408	30261	1041929000	12
22225	15408	34865	60006000	0
22225	15408	34866	138079000	1
22225	39968	17928	6719000	0
22617	98179	20624	31031074000	359
22681	26550	19249	10818269000	125
22743	1952	4044	2682000	0
22743	72551	4044	2985000	0
23486	15991	17928	6378000	0
23486	78404	17928	30025000	0
23595	9600	20542	186579000	2
23595	9600	20540	61014000	0
23650	31809	45262	38470000	0
23849	28115	45496	14881000	0
23849	58464	45481	35992000	0
23849	78108	45466	482306000	5
24009	21307	11670	174628000	2
24096	10289	16551	1779083000	20
24096	10289	21902	5586040000	64
24096	10289	21908	1097180000	12
24096	10289	21907	1618034000	18
24096	10289	21903	5586138000	64
24096	10289	21905	3604312000	41
24096	10289	5845	1557827000	18
24096	10289	21906	1779574000	20
24096	10289	21900	8994494000	104
24096	10289	21909	1606177000	18
24096	10289	21831	12103773000	140
24096	10289	21904	4325090000	50
24096	12034	26536	5051000	0
24096	12034	26470	363240000	4
24096	53225	45749	30586000	0
24096	53225	45751	30627000	0
24208	6263	13138	2233176000	25
24227	4237	9656	341000	0
24227	4237	5874	2696000	0
24404	6020	12195	129596000	1
24404	67794	46083	23270000	0
24510	25395	46136	709786000	8
24571	16181	5928	8576000	0
24571	69550	46215	150860000	1
24608	20533	42035	161514000	1
24608	52303	46237	46074000	0
24770	13102	2178	2593140000	30
24770	13102	29083	77955000	0
24770	13102	29081	78046000	0
24770	13102	14121	2539556000	29
24924	15116	34224	52360000	0
24924	76931	46530	6306561000	72
25116	17130	38645	1351632000	15
25116	39755	46682	315941000	3
25116	39755	46688	122822000	1
25395	47696	46954	2734151000	31
25488	35374	47048	1117582000	12
25488	45897	47017	67078000	0
25488	78721	3611	1132778000	13
25795	31503	47453	8753784000	101
25795	52177	47453	8739123000	101
25810	36332	47474	35874000	0
25835	28843	47590	3024134000	35
25835	28843	42657	1693528000	19
25835	28843	47578	1693980000	19
25835	40324	42658	47234000	0
25835	40324	42637	85793000	0
25835	44010	42658	1868634000	21
25835	44010	6834	2653298000	30
25835	45232	42658	39111000	0
25835	45232	6834	2641065000	30
25835	45232	47597	1552009000	17
25835	53410	47564	4069901000	47
25835	53410	47557	91000	0
25835	54847	47574	2598170000	30
25835	54847	47563	30000	0
25835	54847	47578	1809920000	20
25835	65446	47564	172000	0
25835	65446	47563	4000	0
25936	35289	42288	11123576000	128
26200	39375	48045	43249835000	500
26261	35374	48129	6384457000	73
26623	77413	20624	8827144000	102
26642	2487	5370	338596000	3
26642	2487	182	51939000	0
26642	9145	19435	25898000	0
26642	44451	48742	505974000	5
26787	25395	46962	538348000	6
26876	3122	7194	2318000	0
27166	8216	4264	782093000	9
27166	8216	1087	294058000	3
27466	4135	9433	85998000	0
27541	24404	29774	50005000	0
27541	77527	19633	71357000	0
27624	10691	23025	196634000	2
27624	11996	26223	13933000	0
27624	11996	26241	56439000	0
27624	11996	26214	57916000	0
27624	11996	3937	42214000	0
27624	36332	50272	21451000	0
27624	36332	50285	8044000	0
27624	37950	26214	56919000	0
27624	48330	8936	219930000	2
27624	53464	26223	31396000	0
27640	12874	28439	3646000	0
27697	9796	20922	50921000	0
27697	35541	50434	78987000	0
27748	16602	37472	65000000	0
27748	50195	1922	8977000	0
27748	50195	50616	99698000	1
27748	63248	50591	2071500000	23
27748	63248	20667	275000	0
27910	74225	50728	6715000	0
28115	23849	45488	21989000	0
28115	52177	51115	1378000	0
28206	6796	13937	2925147000	33
28206	6796	13952	1847456000	21
28459	7212	8089	1263161000	14
28459	84469	5461	2931465000	33
28526	32415	51568	21358240000	247
28526	32617	51589	106000	0
28526	32617	51586	91696000	1
28526	37243	51568	232465000	2
28526	37243	51578	339357000	3
28526	37243	5329	339368000	3
28526	37243	51575	339323000	3
28526	37243	51555	232784000	2
28526	37243	51576	339335000	3
28526	37243	4529	339332000	3
28526	42950	5329	188011000	2
28526	42950	51589	19116730000	221
28526	62254	51589	18944092000	219
28526	62461	51589	102000	0
28526	67984	51589	121000	0
28526	69459	51578	188261000	2
28526	69459	5329	188088000	2
28526	69459	51577	193496000	2
28526	69459	51575	193642000	2
28526	69459	51576	193511000	2
28526	69459	4529	193707000	2
28526	71011	51578	100048000	1
28526	71011	5329	100063000	1
28526	71011	51589	19282206000	223
28526	71011	51577	100083000	1
28526	71011	51575	100071000	1
28526	71011	51576	100051000	1
28526	71011	4529	100094000	1
28526	72631	51568	1718267000	19
28539	65215	51614	1732255000	20
28594	66681	51843	84813000	0
28623	17829	39836	77000	0
28623	17829	39830	106000	0
28623	17829	39832	449000	0
28623	17829	39834	92000	0
28803	53464	52024	14943000	0
28803	53464	33641	41203000	0
28843	25835	47571	77000	0
28843	44010	52115	25955456000	300
28843	44010	52131	2459602000	28
28843	44010	6834	2606729000	30
28843	44010	52140	31420422000	363
28843	44010	52133	30025330000	347
28843	54847	14651	47000	0
28843	54847	52114	454000	0
28843	54847	52118	414000	0
28843	54847	47578	115940000	1
29415	10253	11260	12413000	0
29415	10253	230	12558000	0
29415	13913	256	49559000	0
29415	51488	52360	1258000	0
29455	57	182	46630000	0
29455	2487	5359	471352000	5
29455	5024	5359	462592000	5
29455	7865	16231	11032000	0
29455	43070	52477	45673000	0
29480	31429	41817	3405000	0
29480	51114	41817	203000	0
29555	5024	10849	32959000	0
29555	9145	19519	482027000	5
29555	47951	19613	15133000	0
29888	73253	52958	24307000	0
30064	9909	21059	217000	0
30064	9909	21056	275000	0
30064	9909	21055	294000	0
30064	9909	21060	211000	0
30064	9909	21058	224000	0
30064	9909	21061	181000	0
30064	9909	21057	270000	0
30064	9909	21062	167000	0
30064	9909	5546	237000	0
30064	9909	1631	398000	0
30064	9909	21063	130000	0
30064	33121	21059	9000	0
30064	33121	21061	12000	0
30064	33121	21060	13000	0
30064	33121	21062	9000	0
30064	36493	21059	8000	0
30064	36493	21061	17000	0
30064	36493	21063	10000	0
30064	36493	21060	13000	0
30064	36493	21062	13000	0
30064	44303	21059	324000	0
30064	44303	21056	388000	0
30064	44303	21061	315000	0
30064	44303	4638	399000	0
30064	44303	21057	323000	0
30064	44303	1631	386000	0
30064	44303	21063	229000	0
30064	44303	53253	352000	0
30064	44303	21055	350000	0
30064	44303	21060	322000	0
30064	44303	21058	320000	0
30064	44303	53254	332000	0
30064	44303	21062	307000	0
30064	44303	5546	338000	0
30221	10990	23543	480658000	5
30221	81706	2115	2486322000	28
30261	19222	3619	728061000	8
30378	78721	3611	1175901000	13
30548	11166	24099	31291697000	362
30574	64239	53915	181110000	2
30669	788	1480	13198000	0
30669	6796	13945	57585000	0
30669	19812	41516	57660000	0
30669	19812	33787	5214000	0
30669	31994	53933	2113307000	24
30669	61937	53942	206252000	2
30712	44712	51127	5494000	0
30712	52177	45466	232000	0
30712	78108	45466	667373000	7
30815	7558	9870	785061000	9
31020	70182	54384	14386000	0
31429	46901	54557	1093296000	12
31503	58464	54601	39077000	0
31503	76566	54610	2652512000	30
31602	1933	4014	1759414000	20
31602	11996	6851	407255000	4
31602	32282	41569	820215000	9
31809	20614	21900	10804634000	125
31809	23650	45266	54461000	0
31994	1423	2960	367189000	4
31994	30669	53978	2057896000	23
32059	65900	55232	437482000	5
32059	79237	55279	18866000	0
32180	3257	7524	680669000	7
32180	46798	55338	5800000	0
32282	49031	1553	3260858000	37
32282	57284	44816	273380000	3
32415	28526	51553	12747343000	147
32415	28526	51552	12317579000	142
32415	53194	38733	124000	0
32415	62254	55547	16359455000	189
32617	28526	51568	31618000	0
32617	28526	51578	394000	0
32617	28526	5329	371000	0
32617	28526	51577	401000	0
32617	28526	51563	115192000	1
32617	28526	51575	454000	0
32617	28526	51576	433000	0
32617	28526	4529	435000	0
32617	28526	51565	114665000	1
32617	32415	51568	21389858000	247
32617	37243	51568	264083000	3
32617	37243	51578	339751000	3
32617	37243	5329	339739000	3
32617	37243	51575	339777000	3
32617	37243	51576	339768000	3
32617	37243	4529	339767000	3
32617	39359	55949	350777000	4
32617	39359	32555	270194000	3
32617	40387	35	2221307000	25
32617	42950	51589	19116624000	221
32617	42950	5329	188382000	2
32617	42950	51577	203000	0
32617	42950	51575	213000	0
32617	42950	55956	188069000	2
32617	42950	35	292212000	3
32617	42950	51576	34000	0
32617	42950	4529	223000	0
32617	53194	35	539318000	6
32617	62254	51589	18943986000	219
32617	62254	35	120833000	1
32617	62461	51575	19000	0
32617	62461	35	40927000	0
32617	62461	51576	4000	0
32617	67984	51578	173000	0
32617	67984	51589	15000	0
32617	67984	5329	155000	0
32617	67984	51577	327000	0
32617	67984	55956	27000	0
32617	67984	35	95115000	1
32617	67984	51576	341000	0
32617	69459	51578	188655000	2
32617	69459	5329	188459000	2
32617	69459	51577	193897000	2
32617	69459	51575	194096000	2
32617	69459	55956	188345000	2
32617	69459	35	293463000	3
32617	69459	51576	193944000	2
32617	69459	4529	194142000	2
32617	71011	51568	7345000	0
32617	71011	51578	100442000	1
32617	71011	51589	19282100000	223
32617	71011	5329	100434000	1
32617	71011	51577	100484000	1
32617	71011	51575	100525000	1
32617	71011	55956	100433000	1
32617	71011	35	459045000	5
32617	71011	51576	100484000	1
32617	71011	4529	100529000	1
32617	72631	51568	1749885000	20
33106	53033	56451	1856759000	21
33106	53033	56461	440000	0
33121	9909	21059	208000	0
33121	9909	21056	304000	0
33121	9909	21055	399000	0
33121	9909	21060	198000	0
33121	9909	21058	224000	0
33121	9909	21061	169000	0
33121	9909	21057	274000	0
33121	9909	21062	158000	0
33121	9909	5546	339000	0
33121	9909	1631	501000	0
33121	9909	21063	143000	0
33121	30064	21056	29000	0
33121	30064	4638	31000	0
33121	30064	21057	4000	0
33121	30064	1631	103000	0
33121	30064	21063	13000	0
33121	30064	53253	7000	0
33121	30064	21055	105000	0
33121	30064	53254	6000	0
33121	30064	5546	102000	0
33121	36493	21061	5000	0
33121	36493	4638	2000	0
33121	36493	1631	8000	0
33121	36493	21063	23000	0
33121	36493	53253	2000	0
33121	36493	21055	11000	0
33121	36493	53254	1000	0
33121	36493	21062	4000	0
33121	36493	5546	7000	0
33121	44303	21059	315000	0
33121	44303	21056	417000	0
33121	44303	21061	303000	0
33121	44303	4638	430000	0
33121	44303	21057	327000	0
33121	44303	1631	489000	0
33121	44303	21063	242000	0
33121	44303	53253	359000	0
33121	44303	21055	455000	0
33121	44303	21060	309000	0
33121	44303	21058	320000	0
33121	44303	53254	338000	0
33121	44303	21062	298000	0
33121	44303	5546	440000	0
33163	30118	49957	175000	0
33163	38853	49957	8000	0
33163	72740	49957	70000	0
33225	10425	22146	77050000	0
33225	10425	22154	122783000	1
33225	10425	22110	136331000	1
33225	53668	56535	7968000	0
33225	53668	22110	59905000	0
33225	53668	56536	11662000	0
33225	53668	56533	12237000	0
33625	70182	56942	6108000	0
33703	59596	3468	209819000	2
33925	6186	7947	96698000	1
33925	6186	12940	14306902000	165
35030	4237	3930	3121000	0
35089	47630	58201	32847046000	380
35289	25936	47634	72954000	0
35374	36829	1731	192600000	2
35374	49238	58449	449530000	5
35646	16419	8052	5588000	0
35646	16419	37026	708395000	8
35848	45151	45734	2251634000	26
35848	75561	59133	1254785000	14
35908	30118	49957	254000	0
35908	33163	49957	79000	0
35908	38853	28858	671000	0
35908	38853	49957	87000	0
35908	72740	49957	149000	0
35995	72798	59266	254485000	2
36075	15991	36142	15430000	0
36075	15991	2224	26562000	0
36075	15991	23944	13913000	0
36075	40599	54676	30116000	0
36132	52621	59437	525457000	6
36132	52621	59423	437392000	5
36332	10691	22996	116258000	1
36332	32282	55470	628250000	7
36332	32282	44816	4759853000	55
36332	54153	59562	94274000	1
36493	9909	21059	209000	0
36493	9909	21056	304000	0
36493	9909	21055	388000	0
36493	9909	21060	198000	0
36493	9909	21058	226000	0
36493	9909	21061	164000	0
36493	9909	21057	277000	0
36493	9909	21062	154000	0
36493	9909	5546	332000	0
36493	9909	1631	493000	0
36493	9909	21063	120000	0
36493	30064	21056	29000	0
36493	30064	4638	29000	0
36493	30064	21057	7000	0
36493	30064	1631	95000	0
36493	30064	53253	5000	0
36493	30064	21055	94000	0
36493	30064	21058	2000	0
36493	30064	53254	5000	0
36493	30064	5546	95000	0
36493	33121	21059	1000	0
36493	33121	21057	3000	0
36493	33121	21058	2000	0
36493	44303	21059	316000	0
36493	44303	21056	417000	0
36493	44303	4638	428000	0
36493	44303	21061	298000	0
36493	44303	21057	330000	0
36493	44303	1631	481000	0
36493	44303	21063	219000	0
36493	44303	53253	357000	0
36493	44303	21055	444000	0
36493	44303	21060	309000	0
36493	44303	21058	322000	0
36493	44303	53254	337000	0
36493	44303	21062	294000	0
36493	44303	5546	433000	0
36597	15211	34358	19140673000	221
36667	13293	29704	640648000	7
36746	71822	11182	47461000	0
36746	75561	60156	13041454000	150
36829	45897	60215	15431000	0
36829	45897	6714	140005000	1
36844	29415	29673	16010656000	185
36971	49031	22946	1140981000	13
36971	49031	1553	2932006000	33
36971	60597	1483	712537000	8
37115	66509	60561	1562687000	18
37186	12205	26948	33250000	0
37186	12529	27538	855917000	9
37243	32415	51568	21125775000	244
37243	32415	55579	21379875000	247
37243	32617	35	59886000	0
37243	40387	35	2281193000	26
37243	42950	51589	19117957000	221
37243	42950	35	352098000	4
37243	53194	60745	599400000	6
37243	53194	60746	599155000	6
37243	53194	35	599204000	6
37243	62254	51589	18945319000	219
37243	62254	35	180719000	2
37243	62461	35	100813000	1
37243	67984	60745	155012000	1
37243	67984	35	155001000	1
37243	69459	60745	353376000	4
37243	69459	35	353349000	4
37243	71011	60745	518895000	6
37243	71011	51589	19283433000	223
37243	71011	35	518931000	6
37243	72631	51568	1485802000	17
37475	50628	60789	349932000	4
37567	36332	2583	6708000	0
37786	14048	31561	898538000	10
37786	77046	61027	29954000	0
37851	19812	41548	33184008000	384
37950	11996	26214	997000	0
37950	48330	36740	6282000	0
38415	11402	24547	178367000	2
38415	11402	24566	29368000	0
38415	30848	54201	40937000	0
38415	49764	61484	4526000	0
38415	49764	61435	174918000	2
38853	35908	41468	96315000	1
38853	72740	49957	62000	0
39077	3728	8524	1186304000	13
39077	3728	8470	5637246000	65
39091	39319	62410	78786000	0
39299	51149	42537	172307000	1
39359	2611	5824	43789892000	506
39359	28526	51568	446992000	5
39359	28526	51578	333228000	3
39359	28526	5329	333212000	3
39359	28526	51577	333200000	3
39359	28526	51575	333218000	3
39359	28526	51576	333227000	3
39359	28526	4529	333213000	3
39359	32415	51568	21805232000	252
39359	32617	51568	415374000	4
39359	32617	51578	332834000	3
39359	32617	5329	332841000	3
39359	32617	51577	332799000	3
39359	32617	51575	332764000	3
39359	32617	51576	332794000	3
39359	32617	4529	332778000	3
39359	37243	51568	679457000	7
39359	37243	51578	672585000	7
39359	37243	5329	672580000	7
39359	37243	51575	672541000	7
39359	37243	51576	672562000	7
39359	37243	4529	672545000	7
39359	42950	51568	339428000	3
39359	42950	51589	19116587000	221
39359	42950	5329	521223000	6
39359	42950	51577	333002000	3
39359	42950	51575	332977000	3
39359	42950	51576	332828000	3
39359	42950	4529	333001000	3
39359	53194	51736	15283714000	176
39359	62254	51589	18943949000	219
39359	62461	51568	323484000	3
39359	62461	51578	332822000	3
39359	62461	5329	332823000	3
39359	62461	51577	332790000	3
39359	62461	51575	332783000	3
39359	62461	51576	332798000	3
39359	67984	51578	333007000	3
39359	67984	5329	332996000	3
39359	67984	51577	333126000	3
39359	67984	51576	333135000	3
39359	69459	51568	339747000	3
39359	69459	51578	521489000	6
39359	69459	5329	521300000	6
39359	69459	62645	526530000	6
39359	69459	51577	526696000	6
39359	69459	51575	526860000	6
39359	69459	51576	526738000	6
39359	69459	4529	526920000	6
39359	69459	62644	526833000	6
39359	71011	51568	422719000	4
39359	71011	51578	433276000	5
39359	71011	51589	19282063000	223
39359	71011	5329	433275000	5
39359	71011	62645	433282000	5
39359	71011	51577	433283000	5
39359	71011	51575	433289000	5
39359	71011	51576	433278000	5
39359	71011	4529	433307000	5
39359	71011	62644	433285000	5
39359	72631	51568	2165259000	25
39415	3454	7974	163041000	1
39593	4911	10650	28233000	0
39593	12205	26920	252084000	2
39593	14206	31827	350295000	4
39593	14206	31828	161000	0
39593	43502	62810	201303000	2
39593	43502	62808	266177000	3
39593	53118	62859	33486000	0
39593	53118	62832	1702000	0
39593	53118	62855	156511000	1
39593	54691	62828	374181000	4
39642	70991	62948	653522000	7
39755	25116	46684	93374000	1
39755	25116	46678	299560000	3
39755	25116	46676	299000	0
39840	16915	38086	53198000	0
39840	20889	42286	227720000	2
39840	45151	63300	6630000	0
39840	45151	63376	632057000	7
39840	56997	15713	186027000	2
39968	15408	34849	536000	0
39968	22225	43598	7941000	0
39968	22225	43631	22709000	0
39968	22225	22957	17740000	0
39968	27624	50220	41083000	0
39968	48330	36417	31728000	0
40070	49764	63634	2242168000	25
40070	49764	63636	2345104000	27
40146	43204	63695	158023000	1
40146	43204	63693	20368176000	235
40146	72574	63733	3423960000	39
40306	8	61	221545000	2
40306	8	59	221710000	2
40306	13102	29076	252143000	2
40306	13102	61	249737000	2
40306	13102	59	253923000	2
40306	13102	29077	251959000	2
40306	67926	63789	35257000	0
40306	67926	63777	34144000	0
40306	67926	63756	37074000	0
40324	25835	42640	1024171000	11
40324	44010	42658	1821400000	21
40324	44010	6834	2507419000	29
40324	44010	63854	1218309000	14
40324	53410	46473	3674397000	42
40324	53410	4846	36111767000	417
40324	53410	63825	3674115000	42
40324	53410	63822	3673226000	42
40324	54847	4846	29909648000	346
40324	54847	42660	3794229000	43
40324	62997	63821	1878000	0
40387	42950	51589	19116574000	221
40387	62254	51589	18943936000	219
40387	71011	51589	19282050000	223
40523	21779	43144	14783215000	171
40836	16205	36802	215008000	2
41072	26183	47954	128327000	1
41072	26183	47953	43914000	0
41072	65754	20261	23595456000	273
41461	12299	26995	67859000	0
41461	40001	63539	14844000	0
41461	44871	65223	38707000	0
41461	44871	65168	22893000	0
41461	44871	65190	35949000	0
41461	52177	54594	78939000	0
41461	52355	11057	34448000	0
41461	52474	65248	1341000	0
41461	52474	65178	37404000	0
41461	52474	65234	13839000	0
41461	55395	65223	55274000	0
41461	58464	54594	13357000	0
41461	59979	65247	203582000	2
41461	62346	65228	3022000	0
41461	63285	11057	15276000	0
41505	10425	22127	15012000	0
41505	10425	22144	229824000	2
41505	26679	48880	5658871000	65
41505	53668	65261	36898000	0
41505	76680	65290	1523000	0
41685	21503	4750	240459000	2
41801	15408	23002	26771000	0
41801	15408	34875	16017278000	185
41801	15408	34889	23682000	0
41801	36332	59541	9759000	0
41911	38220	22913	52085000	0
41911	47462	48731	67128000	0
41911	47462	65887	201058000	2
41911	62346	17820	30262000	0
41911	68174	65881	264685000	3
42450	74271	66160	508077000	5
42630	9909	5546	2166000	0
42630	30064	5546	1929000	0
42630	33121	5546	1827000	0
42630	36493	5546	1834000	0
42630	44303	5546	2267000	0
42649	69725	66294	75654000	0
42725	3257	7548	46000	0
42725	46798	16069	4004000	0
42725	46798	1661	439122000	5
42725	46798	66340	1023000000	11
42725	46798	21272	1824556000	21
42725	46798	66328	551959000	6
42725	46798	66344	1824679000	21
42950	28526	51568	107564000	1
42950	28526	51577	198000	0
42950	28526	51575	241000	0
42950	28526	51576	399000	0
42950	28526	4529	212000	0
42950	32415	51568	21465804000	248
42950	32617	51568	75946000	0
42950	32617	11403	11993675000	138
42950	37243	51568	340029000	3
42950	37243	60742	1320000	0
42950	37243	5329	151357000	1
42950	37243	51575	339564000	3
42950	37243	51576	339734000	3
42950	37243	4529	339544000	3
42950	40387	35	1929095000	22
42950	53194	35	247106000	2
42950	62254	11403	11555949000	133
42950	67984	51577	124000	0
42950	67984	51576	307000	0
42950	69459	51568	319000	0
42950	69459	5329	77000	0
42950	69459	51577	193694000	2
42950	69459	55956	276000	0
42950	69459	51575	193883000	2
42950	69459	35	1251000	0
42950	69459	51576	193910000	2
42950	69459	4529	193919000	2
42950	71011	51568	83291000	0
42950	71011	51589	165476000	1
42950	71011	51577	100281000	1
42950	71011	51575	100312000	1
42950	71011	35	166833000	1
42950	71011	59	271118000	3
42950	71011	51576	100450000	1
42950	71011	4529	100306000	1
42950	71011	24503	167476000	1
42950	72631	51568	1825831000	21
43070	2487	182	72287000	0
43070	29455	17928	94542000	1
43070	29455	182	93977000	1
43070	29455	19615	77052000	0
43204	22791	44360	340744000	3
43502	17430	14876	158969000	1
43502	19071	40937	295758000	3
43554	55267	67057	4995891000	57
43570	51149	42537	172826000	2
43678	45748	67152	88958000	1
43978	45897	11616	18258000	0
44010	25835	47571	571654000	6
44010	28843	47571	571577000	6
44010	40324	63856	1554000	0
44010	53410	52115	6087441000	70
44010	53410	67308	5232963000	60
44010	53410	52140	6089202000	70
44010	53410	52133	6087161000	70
44010	53410	67345	35817552000	414
44010	54847	67344	3633721000	42
44010	54847	67338	171356000	1
44046	60756	31897	259087000	2
44046	67744	709	5472000	0
44166	32282	55453	64447000	0
44166	52177	41554	11656550000	134
44166	62346	41554	11674997000	135
44278	6995	14344	390195000	4
44303	9909	1631	12000	0
44334	30261	39574	47776116000	552
44451	26642	48687	213366000	2
44451	61034	48742	58852000	0
44712	21566	42823	380000	0
44712	32282	48731	32903000000	380
44712	41911	48731	32971205000	381
44712	47462	48731	33038333000	382
44871	1263	2492	29100000	0
44871	41461	65197	18574000	0
44871	52355	68386	119100000	1
44871	52355	68332	157349000	1
44871	55395	65223	16567000	0
44871	64432	22936	11246000	0
44917	33625	56942	9409000	0
44917	70182	68399	14710000	0
44917	70182	56942	15517000	0
44917	70182	68403	14746000	0
44978	33625	56943	9172000	0
44978	46279	68410	189000	0
45129	43070	66688	41436000	0
45129	43070	66705	3355309000	38
45196	70894	68656	633060000	7
45212	12205	26929	36122667000	418
45232	40324	63822	299867000	3
45232	53410	68763	34914236000	404
45232	53410	63822	3973093000	45
45232	53410	10000	860890000	9
45232	53410	68776	37461902000	433
45232	65446	68763	30888276000	357
45276	76566	68807	12235406000	141
45428	37567	48731	976614000	11
45428	39968	63518	2129000	0
45524	13320	29835	102461000	1
45573	1751	3561	475000	0
45897	10831	23377	5682000	0
45897	13913	31125	52075000	0
45897	15526	11371	167970000	1
45897	80083	23377	15472000	0
46220	25074	46567	65398000	0
46279	18666	24749	44000	0
46279	18666	40454	4136000	0
46279	31020	24749	107000	0
46279	55466	38745	1947000	0
46279	55466	50894	3740000	0
46279	66844	24749	23000	0
46279	66844	50894	454000	0
46279	70182	38745	13913000	0
46409	79882	70106	34486000	0
46549	14206	4460	13312824000	154
46549	14206	31834	21892500000	253
46549	39593	62817	50794000	0
46715	18115	5855	164953000	1
46715	18115	21768	20817000	0
46798	32180	55371	91747000	1
46798	32180	55375	516806000	5
46798	42725	55399	1968000	0
46970	97386	19303	76718635000	887
47238	49300	4460	4055424000	46
47238	49300	13506	487000	0
47252	62346	71043	598000	0
47252	62346	71051	224372000	2
47252	62346	71062	39651000	0
47252	62346	71042	10493000	0
47559	12587	27644	169031000	1
47559	36332	59554	188180000	2
47630	59596	71384	126995000	1
47658	147	235	383000	0
47658	21503	39473	658143000	7
47658	35374	235	120882000	1
47778	76931	71586	71251455000	824
47923	18588	40442	10024751000	116
47951	4031	9184	60774000	0
47951	29555	189	13464000	0
47951	44451	66693	77734000	0
47951	63896	71810	10729000	0
48330	53464	72059	23986000	0
48330	59596	3468	275028000	3
48330	66388	65744	4219000	0
48357	70182	35258	14636000	0
48429	8743	18608	32000	0
48429	8743	18535	4916905000	56
48429	8743	14136	37000	0
48429	69950	72302	77446000	0
48429	69950	72256	15767872000	182
48485	27025	49298	302000	0
48485	61308	72417	49000	0
48485	61308	5874	606140000	7
48485	78703	41112	607481000	7
48485	78703	20441	607325000	7
48485	78703	5874	606539000	7
48520	36829	60226	42005000	0
48552	10949	23523	6782000	0
48697	24266	45932	262722000	3
49031	788	1464	22809000	0
49031	1263	2523	97572000	1
49031	1423	1464	75447000	0
49031	12299	1498	386225000	4
49031	52177	2523	78592000	0
49031	71598	1553	3584000	0
49159	9145	19450	181600000	2
49238	15260	3112	627448000	7
49238	21503	42726	77949000	0
49238	47658	71516	202092000	2
49238	56885	6997	607808000	7
49238	67063	17406	6336914000	73
49300	54255	38082	453926000	5
49329	45276	58099	38009000	0
49329	45276	68840	1273000	0
49329	45276	68790	1549657000	17
49329	52355	54605	40684619000	470
49394	1423	3020	199997000	2
49394	1423	3027	11352000	0
49764	11402	24588	152195000	1
49792	48697	72737	31105000	0
49896	9106	14880	281020000	3
49896	27748	1922	80242000	0
49896	54691	74172	48636000	0
50438	10510	7894	1908012000	22
50603	3454	8013	152735000	1
50603	55843	42288	23526960000	272
50628	3539	8160	240666000	2
50628	3539	8165	2153138000	24
50628	7105	14740	574089000	6
50698	41183	64859	2932364000	33
50698	41183	7655	4452657000	51
50698	45897	69577	37562025000	434
50732	40878	64413	22356000	0
50763	45897	20686	3541173000	40
50917	67744	75733	81888000	0
51114	31429	41817	3202000	0
51149	39299	62517	250000	0
51149	43570	42533	431356000	4
51188	23486	44970	11861000	0
51283	16042	16483	1282963000	14
51351	59180	76227	434620000	5
51351	59180	76222	267668000	3
51444	9054	4432	7064148000	81
51444	74793	5448	1121570000	12
51488	14386	10734	5686644000	65
51985	788	1534	11930000	0
51985	788	1499	14836000	0
52177	788	1554	22426000	0
52177	1263	2523	18980000	0
52177	1263	2559	136013000	1
52177	10680	22887	6805759000	78
52177	19812	1554	99428000	1
52177	19812	41554	809595000	9
52177	23849	45466	184835000	2
52177	28115	51116	35957000	0
52177	31503	47453	14661000	0
52177	31994	55006	704097000	8
52177	41461	65228	15294000	0
52177	42525	66260	7115000	0
52177	49031	72888	16244543000	188
52177	52355	77100	593044000	6
52177	52355	41554	252269000	2
52177	52474	41554	137047000	1
52177	54005	77122	72411000	0
52177	58464	55006	12996000	0
52177	58464	45466	27526000	0
52177	58464	51115	15383653000	178
52177	58464	77104	212014000	2
52177	58464	77122	69375000	0
52177	58464	77168	5813000	0
52177	59979	77134	10391000	0
52177	59979	65228	1503000	0
52177	62346	41554	18447000	0
52177	62346	65228	18316000	0
52177	68174	77113	103675000	1
52177	76566	77157	10157000	0
52177	78108	45466	667141000	7
52303	24608	46232	250886000	2
52355	19812	41563	1321726000	15
52355	19812	41554	557326000	6
52355	28336	8869	49105000	0
52355	60597	77290	5632253000	65
52355	62346	77304	17733000	0
52355	62346	77274	72530000	0
52355	78257	17878	1135264000	13
52355	78257	77267	136944000	1
52355	78257	77289	244139000	2
52355	78257	41531	24384000	0
52474	12299	27054	16067000	0
52474	12299	27020	50454000	0
52474	19812	41554	672548000	7
52474	62346	27054	8175000	0
52717	18666	24749	45000	0
52717	31020	24749	108000	0
52717	33625	56942	9832000	0
52717	33625	56943	9454000	0
52717	44917	56942	423000	0
52717	44978	56943	282000	0
52717	46279	24749	1000	0
52717	48357	48646	585000	0
52717	62543	48646	392000	0
52717	66844	24749	24000	0
52717	70182	56942	15940000	0
53002	35259	58318	187569000	2
53002	75998	77971	166179000	1
53002	79828	77971	97208000	1
53002	79828	58318	96637000	1
53033	33106	56456	523488000	6
53033	33106	56436	592109000	6
53033	33106	56432	511403000	5
53033	33106	56438	624287000	7
53118	39593	62831	59150000	0
53194	37243	60742	1418000	0
53194	40387	35	1681989000	19
53194	42950	60742	98000	0
53194	62254	39587	680852000	7
53225	24096	45753	2200149000	25
53312	14944	33443	116537449000	1348
53464	11996	26262	41610000	0
53464	32033	55121	614775000	7
53464	48330	72069	26223000	0
53464	48330	72065	91479000	1
53624	1263	2500	500685000	5
53624	44871	2547	39283000	0
53668	10425	22110	76426000	0
53668	10425	22099	41002000	0
53668	10425	22108	2064000	0
53725	53806	79053	397000	0
53806	51283	76152	99298000	1
53870	16834	37942	65950000	0
54005	788	1494	930949000	10
54005	44166	54467	2551636000	29
54005	49031	72888	18661616000	215
54005	52177	72888	2417073000	27
54173	73561	49957	6000	0
54441	2462	5246	1470515000	17
54441	2462	5331	2330542000	26
54441	2462	5264	22000	0
54461	102444	24774	8119218000	93
54473	62398	80109	457000	0
54473	62398	80111	666000	0
54473	62398	80112	707000	0
54691	4911	10677	23849000	0
54691	4911	10638	58289000	0
54691	5108	8089	2121937000	24
54691	6862	12071	2519777000	29
54691	12205	4778	120560000	1
54691	39593	8969	19608000	0
54691	43502	41351	78178000	0
54847	25835	47561	392000	0
54847	25835	47572	2416420000	27
54847	28843	52109	435000	0
54847	40324	63848	61736000	0
54847	53410	78758	4894415000	56
54847	53410	78744	4847712000	56
54847	53410	4846	6202119000	71
54847	53410	78746	6201470000	71
54847	53410	78759	3641582000	42
54847	53410	68776	6029817000	69
54847	53410	78757	3641513000	42
54847	65446	47561	185000	0
54847	65446	4846	2131853000	24
54847	65446	33318	497000	0
54847	65446	80405	874464000	10
54847	65446	80404	85696000	0
54968	39319	7383	33513000	0
54968	41685	8089	148319000	1
55147	39415	30202	7786000	0
55147	39415	382	1683000	0
55395	12299	27054	18445000	0
55395	47252	71038	792000	0
55395	47252	71085	67066000	0
55395	52474	27054	2378000	0
55395	53624	78911	94551000	1
55395	62346	80824	4477000	0
55395	62346	80814	713117000	8
55395	62346	27054	10553000	0
55466	65191	68405	4397000	0
55466	70182	38745	11966000	0
55466	70182	35258	12147000	0
55466	70182	68405	309000	0
55826	147	262	85206000	0
55826	21503	42699	88721000	1
55995	74793	81244	185979000	2
56089	17555	1935	1372242000	15
56373	62356	81640	33344000	0
56373	62356	13692	49937000	0
56637	51149	76037	60223000	0
56637	51149	76027	61689000	0
56742	78003	56944	3107000	0
56742	78003	41118	2500000	0
56796	58935	82135	50193000	0
56796	58935	82132	603947000	6
56885	49238	32478	1423608000	16
56997	75561	82304	435000	0
57059	38767	61785	10442254000	120
57284	32282	41569	509928000	5
57284	40836	3989	3391286000	39
57443	45897	39473	63746000	0
57443	45897	69593	19383000	0
57722	13994	8315	2314260000	26
57722	60725	23422	4454260000	51
57722	60725	7894	781009000	9
57999	75803	83186	33238000	0
58300	32059	55264	73000	0
58464	1263	2554	30719000	0
58464	1263	2559	138532000	1
58464	19812	41548	33130618000	383
58464	23849	45466	157309000	1
58464	23849	45482	1306564000	15
58464	23849	45484	5797000	0
58464	47252	71110	80459000	0
58464	52177	54594	65582000	0
58464	52177	2559	2519000	0
58464	62346	77304	9851000	0
58464	63285	48684	19759000	0
58464	63285	2554	200365000	2
58464	63285	77355	147908000	1
58602	41759	65611	29014369000	335
58699	11636	2720	33928832000	392
58699	11636	21051	45194801000	523
58699	54916	46942	2864780000	33
58871	36829	4750	993165000	11
58871	36829	38763	283789000	3
58898	12299	27064	16009000	0
58898	66713	84197	10539000	0
58923	4135	9433	247914000	2
58923	27466	9433	161916000	1
58935	22617	44004	251735000	2
58935	22617	20624	13124754000	151
58935	56796	82130	4469000	0
58935	56796	25100	47840000	0
58935	98179	20624	44155828000	511
59180	42872	66493	163633000	1
59208	15049	33970	74778000	0
59208	15049	33896	24153000	0
59557	104231	26975	56240981000	650
59596	48330	72117	145867000	1
59596	66388	84760	127700000	1
59871	12098	22304	18794000	0
59979	19812	38906	9995000	0
59979	41461	65228	13791000	0
59979	42525	66246	148893000	1
59979	58464	83570	50317000	0
59979	62346	65228	16813000	0
59979	75445	85178	13586000	0
60395	4109	9370	220965000	2
60465	51017	1673	334000	0
60597	1423	3025	46753000	0
60597	1423	3023	54241000	0
60597	1423	1501	79329000	0
60597	12299	27030	76095000	0
60597	12299	27033	96343000	1
60597	12299	27006	78020000	0
60597	12299	27026	139000	0
60597	17308	11057	5618000	0
60597	19812	3025	86910000	1
60597	19812	27006	473528000	5
60597	36971	1501	682667000	7
60597	36971	27026	596294000	6
60597	41461	11057	8908000	0
60597	52355	11057	43356000	0
60597	53624	22917	54900000	0
60597	55395	80788	72201000	0
60597	62346	80788	27751000	0
60597	63285	11057	24184000	0
60840	14426	32363	55297000	0
60840	14426	742	1064560000	12
61034	20949	42321	146324000	1
61034	29555	19613	334099000	3
61034	44451	42321	477488000	5
61034	47951	19613	349232000	4
61034	63896	86068	342253000	3
61308	27025	49298	194000	0
61308	78703	5874	399000	0
61522	13791	618	527847000	6
61522	54208	79675	3055000	0
61522	54208	18341	10138000	0
61522	54208	79671	4870000	0
61581	1887	3922	264007000	3
61607	50763	45765	2717204000	31
61637	6934	14274	27969000	0
61637	16553	37436	85477000	0
61637	16553	37380	37456000	0
61637	16553	37450	78732000	0
61637	16553	37419	754000	0
61637	16553	37415	55934000	0
61637	16553	37439	57671000	0
61637	16553	37426	74920000	0
61637	16553	37407	138159000	1
61713	17531	39317	492414000	5
61876	3421	7955	406000	0
61876	3421	566	210000	0
61876	3421	7887	42171000	0
61876	3421	7942	59451000	0
61876	3421	7932	167000	0
61910	8883	18803	2247123000	26
61910	70838	77337	2178153000	25
61910	70838	18803	2178449000	25
61992	40523	63933	17459000	0
62070	8997	19101	8943564000	103
62070	8997	19103	221173000	2
62070	8997	19102	6436847000	74
62149	58602	83700	5493000	0
62195	9600	20542	188930000	2
62195	23595	20542	2351000	0
62195	23595	45102	312772000	3
62254	32617	11403	437726000	5
62254	40387	35	2100474000	24
62254	42950	51589	172638000	1
62254	42950	35	171379000	1
62254	42950	24503	170694000	1
62254	53194	35	418485000	4
62254	53194	66729	405016000	4
62254	69459	35	172630000	1
62254	71011	51589	338114000	3
62254	71011	35	338212000	3
62254	71011	24503	338170000	3
62346	1263	2506	35746000	0
62346	1263	2547	4405000	0
62346	1263	2530	2136000	0
62346	10680	22876	142705000	1
62346	10680	22871	21215000	0
62346	10680	22870	3216000	0
62346	10680	11057	20908000	0
62346	10680	2485	26559000	0
62346	12299	27000	121966000	1
62346	12299	27054	7892000	0
62346	17308	11057	14821000	0
62346	19812	41554	791148000	9
62346	19812	11057	7924000	0
62346	41461	11057	18111000	0
62346	44871	2506	121735000	1
62346	44871	2547	53494000	0
62346	47252	71063	885000	0
62346	52355	41554	233822000	2
62346	52355	41901	26218000	0
62346	52355	11057	52559000	0
62346	52474	41554	118600000	1
62346	53624	2547	14211000	0
62346	53624	78861	248029000	2
62346	55395	80788	44450000	0
62346	55395	80846	3145000	0
62346	58464	41901	32364000	0
62346	58464	83541	52423000	0
62346	58898	84141	34298000	0
62346	60597	11057	9203000	0
62346	63285	11057	33387000	0
62346	75445	87636	296733000	3
62346	78108	77274	104941000	1
62398	54473	80110	179000	0
62461	28526	51568	123508000	1
62461	28526	51578	406000	0
62461	28526	5329	389000	0
62461	28526	51577	410000	0
62461	28526	51575	435000	0
62461	28526	18559	74046000	0
62461	28526	51576	429000	0
62461	32415	51568	21481748000	248
62461	32617	51568	91890000	1
62461	32617	51578	12000	0
62461	32617	51589	4000	0
62461	32617	5329	18000	0
62461	32617	51577	9000	0
62461	32617	55956	33000	0
62461	37243	51568	355973000	4
62461	37243	51578	339763000	3
62461	37243	5329	339757000	3
62461	37243	51575	339758000	3
62461	37243	51576	339764000	3
62461	40387	35	2180380000	25
62461	42950	51568	15944000	0
62461	42950	51589	19116628000	221
62461	42950	5329	188400000	2
62461	42950	51577	212000	0
62461	42950	51575	194000	0
62461	42950	55956	188102000	2
62461	42950	35	251285000	2
62461	42950	51576	30000	0
62461	53194	35	498391000	5
62461	62254	51589	18943990000	219
62461	62254	35	79906000	0
62461	67984	51578	185000	0
62461	67984	51589	19000	0
62461	67984	5329	173000	0
62461	67984	51577	336000	0
62461	67984	55956	60000	0
62461	67984	35	54188000	0
62461	67984	51576	337000	0
62461	69459	51568	16263000	0
62461	69459	51578	188667000	2
62461	69459	5329	188477000	2
62461	69459	51577	193906000	2
62461	69459	51575	194077000	2
62461	69459	55956	188378000	2
62461	69459	35	252536000	2
62461	69459	51576	193940000	2
62461	71011	51568	99235000	1
62461	71011	51578	100454000	1
62461	71011	51589	19282104000	223
62461	71011	5329	100452000	1
62461	71011	51577	100493000	1
62461	71011	51575	100506000	1
62461	71011	55956	100466000	1
62461	71011	35	418118000	4
62461	71011	51576	100480000	1
62461	72631	51568	1841775000	21
62543	44917	68401	201000	0
62543	55466	80856	3635000	0
62938	9985	21257	331816000	3
62997	21343	14651	2446000	0
62997	21343	42651	1360000	0
62997	21343	42636	5323250000	61
63248	16602	9758	443143000	5
63248	16602	37497	68570000	0
63248	16602	37479	262899000	3
63285	1423	3024	23036154000	266
63285	28115	51116	78420000	0
63285	28115	51100	4320294000	50
63285	41461	65242	4607000	0
63285	41461	54594	116000	0
63285	52177	51116	42463000	0
63285	52177	54594	79055000	0
63285	52474	77355	29635747000	343
63285	58464	83570	51032000	0
63285	58464	83576	338567000	3
63285	58464	83550	4538000	0
63285	58464	71110	2132000	0
63285	58464	83544	64911000	0
63285	58464	83565	4566000	0
63285	58464	83567	322819000	3
63285	58464	54594	13473000	0
63285	59979	83570	715000	0
63285	62346	85217	24078459000	278
63285	71664	88515	74032000	0
63285	71664	77355	11317116000	130
63581	10885	23422	6333046000	73
63633	17430	39156	75055149000	868
63680	10425	22114	124763000	1
63680	33225	56615	66274000	0
63696	62356	87645	25321000	0
63696	62356	87649	21632000	0
63774	6403	13219	93629000	1
63896	9145	19455	12410000	0
63896	26642	182	91883000	1
63896	47951	182	392000	0
63930	39694	1931	39988601000	462
64050	17807	1303	508850000	5
64050	80036	77184	4218311000	48
64239	30574	53888	1010655000	11
64239	31039	54426	10843869000	125
64239	33139	56507	4846765000	56
64239	33139	56512	2567935000	29
64239	57059	82424	1505878000	17
64239	63519	88776	12346000	0
64239	63519	85751	13033000	0
64239	63519	88777	19121000	0
64239	63519	88771	1187457000	13
64432	10680	22896	5780000	0
64432	10680	22866	7988000	0
64432	12299	27021	64406000	0
64432	12299	27012	839349000	9
64432	12299	1498	53719000	0
64432	19812	38906	70695000	0
64432	44871	68324	464899000	5
64432	59979	38906	60700000	0
64432	60597	1483	119824000	1
64432	60597	22866	17051000	0
64467	10680	22924	47647000	0
64476	63581	12456	1104059000	12
64555	25795	47461	1848030000	21
64555	35010	58056	118984000	1
64555	42525	66258	70142000	0
64555	70831	42144	7996000	0
64555	78108	90528	199662000	2
64607	6452	13284	90649000	1
64607	6452	13261	541930000	6
64607	6452	13242	43305000	0
64607	6452	13298	1295419000	14
64607	6452	8554	375729000	4
64607	6452	13238	24974000	0
64607	6452	13300	2220234000	25
64607	6452	13313	538803000	6
64607	6452	13297	224370000	2
64649	40523	63972	3791000	0
64826	15260	34577	3114454000	36
64826	15260	10231	171000	0
64826	16394	5929	1691086000	19
64826	18115	21806	4490000	0
64867	14386	32266	144822000	1
64867	70894	91188	140570000	1
65038	27025	49298	3697000	0
65038	48485	49298	3395000	0
65038	61308	5874	606146000	7
65038	78703	41112	607510000	7
65038	78703	49298	3372000	0
65038	78703	5874	606545000	7
65077	2032	4343	20206487000	233
65191	33625	56933	622927000	7
65191	34396	4640	12107295000	140
65215	28539	19481	303779000	3
65215	47951	71858	14967000	0
65306	11367	24436	2603000	0
65306	11367	24438	2672000	0
65306	11367	24437	2606000	0
65446	25835	47561	207000	0
65446	40324	63822	352405000	4
65446	45232	63822	52538000	0
65446	53410	4846	4070266000	47
65446	53410	47564	4069729000	47
65446	53410	78752	4725250000	54
65446	53410	68763	4025960000	46
65446	53410	63822	4025631000	46
65446	54847	47563	26000	0
65446	74379	91605	486314000	5
65612	74708	43762	55883487000	646
65754	372	950	567299000	6
65928	63236	88405	348725000	4
65928	63236	54873	339488000	3
66011	74577	92351	881627000	10
66388	15408	3474	6927000	0
66388	15408	6123	264417000	3
66388	27624	50243	12816000	0
66388	27624	50238	1129000	0
66388	39968	63503	325335000	3
66388	59596	17597	150189000	1
66388	59596	32442	4398000	0
66509	37115	59	4203386000	48
66509	73539	92829	931342000	10
66824	2831	6302	2043556000	23
66844	18666	24749	21000	0
66844	31020	24749	84000	0
66844	44917	68403	1169000	0
66844	55466	50894	3286000	0
66844	70182	68403	15915000	0
67063	12417	27278	198065000	2
67063	35374	58466	174000	0
67063	105986	28770	2717445000	31
67148	105986	28719	895393000	10
67148	105986	28729	1827353000	21
67640	25488	6349	4826396000	55
67744	3789	6513	101624000	1
67762	79967	86643	258000	0
67926	13102	2178	2761146000	31
67926	13102	29088	424012000	4
67926	13102	28864	80641464000	933
67926	13102	68	349707000	4
67926	40306	63749	3281000	0
67926	40306	68	513586000	5
67984	28526	51578	221000	0
67984	28526	5329	216000	0
67984	28526	51577	74000	0
67984	28526	51576	92000	0
67984	37243	51578	339578000	3
67984	37243	5329	339584000	3
67984	37243	51576	339427000	3
67984	40387	35	2126192000	24
67984	42950	5329	188227000	2
67984	42950	51589	19116609000	221
67984	42950	55956	188042000	2
67984	42950	35	197097000	2
67984	42950	5936	377148000	4
67984	53194	60745	444388000	5
67984	53194	35	444203000	5
67984	62254	51589	18943971000	219
67984	62254	35	25718000	0
67984	69459	60745	198364000	2
67984	69459	51578	188482000	2
67984	69459	5329	188304000	2
67984	69459	51577	193570000	2
67984	69459	55956	188318000	2
67984	69459	35	198348000	2
67984	69459	51576	193603000	2
67984	71011	60745	363883000	4
67984	71011	51578	100269000	1
67984	71011	5329	100279000	1
67984	71011	51589	19282085000	223
67984	71011	51577	100157000	1
67984	71011	55956	100406000	1
67984	71011	35	363930000	4
67984	71011	51576	100143000	1
68086	5108	6108	55298947000	640
68174	19812	27006	850029000	9
68174	52177	77110	2191000	0
68174	52177	77108	2957000	0
68360	47559	71363	37856000	0
68360	79593	6290	17596966000	203
69249	10885	1915	2252000	0
69249	10885	23404	23255000	0
69249	10885	23413	10704000	0
69459	2611	5874	43553471000	504
69459	28526	51568	107245000	1
69459	32415	51568	21465485000	248
69459	32617	51568	75627000	0
69459	32617	55953	80970000	0
69459	37243	51568	339710000	3
69459	37243	51578	151096000	1
69459	37243	5329	151280000	1
69459	37243	51575	145681000	1
69459	37243	51576	145824000	1
69459	37243	4529	145625000	1
69459	40387	35	1927844000	22
69459	42950	66539	182445000	2
69459	42950	51589	19116571000	221
69459	53194	60745	246024000	2
69459	53194	35	245855000	2
69459	62254	51589	18943933000	219
69459	62254	87416	37690983000	436
69459	71011	60745	165519000	1
69459	71011	51568	82972000	0
69459	71011	35	165582000	1
69459	71011	51589	19282047000	223
69459	72631	51568	1825512000	21
69550	23992	45598	74508000	0
69550	41201	1870	1906648000	22
69550	41201	64960	273257000	3
69550	41201	3989	1645949000	19
69550	41201	64959	266722000	3
69550	41201	45598	211703000	2
69550	41201	64953	283304000	3
69550	41201	64938	36135000	0
70048	74110	96129	9422000	0
70182	65191	68405	4088000	0
70497	13469	30158	22924000	0
70497	14349	10734	1369663000	15
70613	55826	81024	6222000	0
70831	19812	41565	32266782000	373
70838	8883	18803	68674000	0
70838	8883	12133	2245879000	25
70838	61910	86984	2291345000	26
70838	61910	76231	468000	0
70894	72207	18480	1292580000	14
70894	72207	96946	18273000	0
70991	5108	11154	123527000	1
70991	48810	11154	5476610000	63
70991	77247	42727	103826000	1
71011	28526	51568	24273000	0
71011	32415	51568	21382513000	247
71011	37243	51568	256738000	2
71011	37243	51578	239309000	2
71011	37243	5329	239305000	2
71011	37243	51575	239252000	2
71011	37243	51576	239284000	2
71011	37243	4529	239238000	2
71011	40387	35	1762262000	20
71011	42950	66539	276072000	3
71011	42950	5329	87948000	1
71011	42950	55956	87636000	1
71011	53194	60745	80505000	0
71011	53194	35	80273000	0
71011	69459	51578	88213000	1
71011	69459	51577	93413000	1
71011	69459	55956	87912000	1
71011	69459	51576	93460000	1
71011	69459	66539	93627000	1
71011	69459	62645	93248000	1
71011	69459	5329	88025000	1
71011	69459	51575	93571000	1
71011	69459	4529	93613000	1
71011	69459	62644	93548000	1
71011	72631	51568	1742540000	20
71214	11274	24280	251078000	2
71214	12353	1922	710000	0
71214	12353	24280	1990000	0
71322	21862	43266	41125000	0
71664	52177	77167	7139000	0
71822	36746	7974	195112000	2
72005	75998	44361	57490000	0
72255	4135	9414	145565000	1
72255	17684	39621	3095000	0
72255	58923	84212	352734000	4
72405	49300	2720	19713159000	228
72465	35374	2178	15445480000	178
72631	28526	5329	135286000	1
72631	32415	51568	19639973000	227
72631	32617	5329	134915000	1
72631	37243	5329	474654000	5
72631	42950	5329	323297000	3
72631	62461	5329	134897000	1
72631	67984	5329	135070000	1
72631	69459	5329	323374000	3
72631	71011	5329	235349000	2
72718	20462	41932	2301365000	26
72740	30118	49957	105000	0
72798	35995	59256	216861000	2
73226	2437	5196	7258000	0
73226	9985	21281	22103000	0
73226	9985	573	512213000	5
73360	75626	6302	8134701000	94
73473	11932	21321	3700716000	42
73473	79770	99413	241288000	2
73580	28550	51726	285157000	3
73580	28550	51711	2174438000	25
73580	28550	14121	2359420000	27
73623	6067	12355	447407000	5
73623	6067	12341	63842000	0
73727	45897	69590	82750000	0
73941	59180	84346	435302000	5
73962	53346	78681	5767816000	66
74019	76529	10477	34403299000	398
74053	43204	66829	18351789000	212
74110	36332	59594	21275000	0
74254	105986	28733	1433330000	16
74379	5046	10913	89306984000	1033
74379	21343	17880	2235583000	25
74379	21343	42645	81770000	0
74379	21343	42684	355503000	4
74379	21343	42690	347407000	4
74379	21343	42652	1763933000	20
74379	21343	42667	2455494000	28
74379	21343	42660	42564000	0
74379	21343	42680	899421000	10
74379	21343	42668	2342580000	27
74379	21343	42666	3572987000	41
74379	21343	35391	2905203000	33
74379	21343	42670	1807821000	20
74379	21343	42642	2311379000	26
74379	21343	42665	30668157000	354
74379	25835	47564	250902000	2
74379	28843	17880	2303880000	26
74379	28843	52129	15704267000	181
74379	28843	52125	2468372000	28
74379	40324	4846	96403000	1
74379	40324	42660	103020000	1
74379	40324	42665	30900896000	357
74379	53410	4846	36208170000	419
74379	53410	47564	4320803000	50
74379	53410	78751	4918927000	56
74379	54847	80397	2500905000	28
74379	54847	4846	30006051000	347
74379	54847	42660	3897249000	45
74379	54847	80406	418859000	4
74379	54847	8455	25921353000	300
74379	65446	4846	32137904000	371
74379	65446	47564	251074000	2
74577	16394	36859	1520039000	17
74577	66011	36859	1603709000	18
74708	14966	33588	1209488000	13
74793	55995	6035	19368236000	224
74793	55995	334	155148000	1
74843	29415	38300	426415000	4
74843	57443	32339	135471000	1
75061	54173	49957	7000	0
75061	73561	49957	13000	0
75110	8336	8240	136628000	1
75265	42725	66393	1140994000	13
75265	46798	70505	1216435000	14
75265	46798	70496	175123000	2
75445	52177	77122	1916000	0
75445	52177	77103	5643170000	65
75561	56997	12436	13582912000	157
75561	56997	8241	436996000	5
75561	78607	12436	10549461000	122
75626	62149	6302	21001706000	243
76601	970	1771	24260402000	280
76885	26876	49040	114258000	1
77247	7175	14880	174693000	2
77247	39642	10043	547167000	6
77620	15180	16674	40171000	0
77620	15180	34312	338044000	3
77671	6888	14120	887033000	10
77671	6897	14120	46000	0
78003	56742	81951	16307193000	188
78214	20235	18801	376682000	4
78214	31429	54570	9643000	0
78214	31429	54562	2201094000	25
78214	31429	54571	1638110000	18
78389	62356	87692	78471000	0
78389	62356	48224	31847000	0
78389	62356	87669	46517000	0
78389	62356	87681	41075000	0
78389	63696	89166	6115366000	70
78389	63696	89144	9093377000	105
78404	23486	44935	95903000	1
78404	104856	27662	294441000	3
78549	4911	10613	12769096000	147
78703	27025	49297	4686000	0
78703	27025	49298	325000	0
78703	27025	49299	4132000	0
78703	48485	49298	23000	0
78703	65038	25118	68000	0
79205	12874	28451	32413046000	375
79280	22688	24436	236000	0
79280	22688	24438	328000	0
79280	22688	24437	62000	0
79397	7081	14628	169495000	1
79593	9548	2762	324901000	3
79706	27624	50281	491000	0
79770	11932	21321	87433000	1
79828	35259	58318	90932000	1
79828	75998	77971	68971000	0
79882	46409	70095	169726000	1
79882	46409	70096	263371000	3
80036	17807	39774	5634000	0
80036	17807	39825	605718000	7
80036	64050	38198	92133000	1
80083	10831	10742	66133000	0
80083	15526	6707	486328000	5
80083	45897	69588	28660000	0
80083	45897	28767	25040000	0
80083	45897	69609	47991000	0
80270	22245	30010	53190297000	615
80298	106971	30	183866000	2
80298	106971	80	2607758000	30
80298	106971	36	77926000	0
80743	1423	840	43236982000	500
80743	49031	807	14164045000	163
80743	89990	806	4760000	0
80924	27166	1087	11082256000	128
80991	91381	1282	32000	0
81173	10949	1366	1444159000	16
81173	86268	1398	856959000	9
81173	101946	1392	637663000	7
81173	101946	1390	60690000	0
81173	101946	1398	610460000	7
81416	98932	1785	1293000	0
81511	18349	1910	7613480000	88
82006	88706	2197	67028749000	775
82284	104354	2442	1388531000	16
82284	104354	2502	3718521000	43
82630	105986	2903	1638318000	18
83039	102014	3463	221000	0
83070	15991	3580	7200819000	83
83619	2032	4360	42332890000	489
83619	2032	4371	49778974000	576
83619	2032	4387	50696381000	586
83619	2032	4366	49970364000	578
83619	2032	4381	50512154000	584
83619	2032	4402	50439583000	583
83619	2032	4398	50442506000	583
83619	2032	4385	50779180000	587
83619	2032	4359	42354258000	490
83619	2032	4399	50439792000	583
83619	2032	4384	50785539000	587
83619	2032	4362	45385602000	525
83619	2032	4373	49934400000	577
83619	2032	4367	49958162000	578
83619	2032	4372	49937982000	577
83619	2032	4363	47794507000	553
83619	2032	4397	50460080000	584
83619	2032	4382	50787350000	587
83619	2032	4389	50692819000	586
83619	2032	4400	50439950000	583
83619	2032	4391	50549464000	585
83619	2032	4377	50115290000	580
83619	2032	4386	50703214000	586
83619	2032	4394	50520178000	584
83619	2032	4379	50459003000	584
83619	2032	4380	50460641000	584
83619	2032	4378	50255164000	581
83619	2032	4403	52943064000	612
83619	2032	4358	39741293000	459
83619	2032	4368	50376920000	583
83619	2032	4370	49922919000	577
83619	2032	4376	49937721000	577
83619	2032	4374	49931496000	577
83619	2032	4390	50692876000	586
83619	2032	4393	50520209000	584
83619	2032	4369	50091270000	579
83619	95587	4382	4167274000	48
83619	95587	4378	695039000	8
83734	91172	4562	290000	0
83734	91172	4557	55101000	0
83844	2300	4676	37525192000	434
83844	2300	4668	36842923000	426
83844	2300	4674	37526786000	434
83844	2300	4678	38654549000	447
83844	2300	4670	36844782000	426
83844	2300	4681	39073592000	452
83844	2300	4667	36876421000	426
83844	2300	4673	37525820000	434
83844	2300	4679	38654632000	447
83844	2300	4671	37004463000	428
83844	2300	4686	39242950000	454
83844	2300	4684	39075118000	452
83844	2300	4685	39249245000	454
83844	2300	4682	39073374000	452
83844	2300	4683	39075210000	452
83844	2300	4677	38547881000	446
83903	12205	4778	1325485000	15
83903	54691	4778	1204925000	13
83903	86388	4784	371000	0
84115	103913	4920	62009743000	717
84382	97458	3918	3563000	0
84382	97458	3217	3465285000	40
84521	102014	5596	33000	0
84917	47996	6044	56169985000	650
85268	82887	3202	30778000	0
85755	36829	6951	392013000	4
85755	49238	6997	2086092000	24
85755	56885	6997	2693900000	31
85755	82630	2859	853105000	9
86141	29712	7471	12607815000	145
86388	83903	4691	11221000	0
86672	3513	8067	289112000	3
86672	3513	8064	279711000	3
86672	3513	8069	206102000	2
86672	3513	8065	225208000	2
86672	3513	8068	304074000	3
87499	93282	8664	2306000	0
87693	90925	8861	640735000	7
87897	58758	9145	10980652000	127
88964	61522	10284	1287131000	14
89560	93282	8665	1000	0
89712	3454	7992	6223016000	72
89838	95237	11254	847000	0
90070	88706	9870	55366995000	640
90178	13251	11936	2584534000	29
90178	47658	11948	4277682000	49
90290	91458	12011	76000	0
90290	104291	12004	62000	0
90290	104291	12011	49000	0
90290	104291	12010	53000	0
90290	104291	12003	65000	0
90290	104291	12002	64000	0
90290	104291	12006	62000	0
90290	104291	12007	54000	0
90290	104291	12001	65000	0
90290	104291	4455	72000	0
90433	98870	12063	507592000	5
90433	98870	12103	2582860000	29
90433	98870	12141	511201000	5
90629	39968	12278	9788243000	113
91381	80991	1280	313000	0
91516	64738	13071	14961731000	173
91638	83039	3462	85861000	0
91638	83039	3463	85719000	0
91638	84521	5596	18000	0
91638	84521	3462	204193000	2
91638	84521	3463	204234000	2
91638	84521	5589	18252596000	211
91638	102014	5596	51000	0
91638	102014	3462	85811000	0
91638	102014	3463	85940000	0
91764	94895	13353	350072000	4
92302	1016	1862	48536404000	561
92302	87923	9226	5578114000	64
92341	87693	3603	5273206000	61
93114	87897	4633	56386365000	652
93114	105373	14895	41895011000	484
93594	81173	1352	18416000	0
94895	91764	13360	569306000	6
94895	91764	13345	920199000	10
94895	106690	16287	58029000	0
95033	88153	9545	36620000	0
95152	104856	16803	2030090000	23
95587	2032	4382	46620076000	539
95587	2032	4389	51006849000	590
95587	2032	4378	49560125000	573
95587	65077	17204	31503126000	364
95587	83619	4389	314030000	3
96012	103201	17804	627000	0
96012	103201	17731	545417000	6
96288	105096	2914	467483000	5
96313	87693	3603	5247969000	60
96666	91764	13344	576941000	6
96666	91764	13341	276863000	3
96666	94895	16291	530139000	6
96766	9917	18818	12014043000	139
96766	9985	18818	11965331000	138
97458	88706	9911	2510034000	29
97770	53806	19927	121390278000	1404
98206	90433	12063	299000	0
98206	90433	12072	162000	0
98483	96883	18985	137000	0
98483	105751	18985	9000	0
98495	84620	5943	60000	0
98495	84620	5941	477000	0
98720	88649	9680	553000	0
98720	88649	9679	108000	0
98932	81416	1748	252907000	2
100668	89990	11539	6924690000	80
100668	92419	13888	528183000	6
100668	92419	13836	460000	0
100884	31994	22756	32175840000	372
100884	101946	22694	124302000	1
101038	19009	23058	8972355000	103
101198	94089	15801	55952000	0
101946	81173	1364	219843000	2
101946	86268	1398	246499000	2
101946	102248	23964	43680000	0
102014	83039	3462	50000	0
102014	84521	3462	118382000	1
102014	84521	3463	118294000	1
102014	91638	13238	847331000	9
102014	91638	13236	429000	0
102014	91638	13231	158000	0
102014	91638	13235	285000	0
102014	91638	13232	173000	0
102185	12299	24300	16241774000	187
102218	17308	24370	42867227000	496
102444	56885	24750	18610682000	215
103201	96012	17798	3956000	0
103522	105714	26149	153281000	1
104140	80991	1279	907000	0
104231	45497	26991	9128654000	105
104231	81597	2000	533798000	6
104316	84620	5937	56937000	0
104354	90290	12004	612702000	7
104354	90290	12011	610391000	7
104354	90290	12005	611677000	7
104354	90290	12010	610499000	7
104354	90290	12003	612929000	7
104354	90290	12002	613029000	7
104354	90290	12006	611621000	7
104354	90290	12009	610598000	7
104354	90290	12007	610714000	7
104354	90290	4455	613142000	7
104354	91458	12011	610467000	7
104354	104291	12004	612764000	7
104354	104291	12011	610440000	7
104354	104291	12010	610552000	7
104354	104291	12003	612994000	7
104354	104291	12002	613093000	7
104354	104291	12006	611683000	7
104354	104291	12007	610768000	7
104354	104291	4455	613214000	7
104605	98206	20804	3328000	0
105373	83903	1526	1209524000	13
105373	83903	4698	314015000	3
105581	91868	9449	125000	0
105581	105425	28152	3200335000	37
105751	96883	18985	128000	0
105986	67063	28750	114071000	1
105986	82630	2834	92506000	1
106507	88716	9962	241175000	2
106690	85279	6434	890272000	10
106690	91764	3217	1443985000	16
106690	105468	28211	671910000	7
106739	58882	29710	11487616000	132
106739	89391	10759	11661587000	134
107005	89083	10353	190419000	2
107636	60597	30550	14996466000	173
107636	101946	7182	27504000	0
